id	shit[0]	shit[1]	shit[2]	shit[3]	shit[4]	shit[5]	shit[6]	shit[7]	shit[8]
1	0	0	0	0	0	0	0	0	0
2	0	0	0	0	0	0	0	0	0
3	0	0	0	0	0	0	0	0	0
4	0	0	0	0	0	0	0	0	0
5	0	0	0	0	0	0	0	0	0
6	0	0	0	0	0	0	0	0	0
7	0	0	0	0	0	0	0	0	0
8	0	0	0	0	0	0	0	0	0
9	0	0	0	0	0	0	0	0	0
10	0	0	0	0	0	0	0	0	0
11	0	0	0	0	0	0	0	0	0
12	0	0	0	0	0	0	0	0	0
13	0	0	0	0	0	0	0	0	0
15	0	0	0	0	0	0	0	0	0
16	0	0	0	0	0	0	0	0	0
17	0	0	0	0	0	0	0	0	0
18	0	0	0	0	0	0	0	0	0
19	0	0	0	0	0	0	0	0	0
21	0	0	0	0	0	0	0	0	0
22	0	0	0	0	0	0	0	0	0
24	0	0	0	0	0	0	0	0	0
25	0	0	0	0	0	0	0	0	0
27	0	0	0	0	0	0	0	0	0
28	0	0	0	0	0	0	0	0	0
29	0	0	0	0	0	0	0	0	0
30	0	0	0	0	0	0	0	0	0
33	0	0	0	0	0	0	0	0	0
34	0	0	0	0	0	0	0	0	0
35	0	0	0	0	0	0	0	0	0
36	0	0	0	0	0	0	0	0	0
42	0	0	0	0	0	0	0	0	0
44	0	0	0	0	0	0	0	0	0
45	0	0	0	0	0	0	0	0	0
46	0	0	0	0	0	0	0	0	0
48	0	0	0	0	0	0	0	0	0
49	0	0	0	0	0	0	0	0	0
50	0	0	0	0	0	0	0	0	0
51	0	0	0	0	0	0	0	0	0
54	0	0	0	0	0	0	0	0	0
56	0	0	0	0	0	0	0	0	0
58	0	0	0	0	0	0	0	0	0
61	0	0	0	0	0	0	0	0	0
65	0	0	0	0	0	0	0	0	0
67	0	0	0	0	0	0	0	0	0
69	0	0	0	0	0	0	0	0	0
70	0	0	0	0	0	0	0	0	0
72	0	0	0	0	0	0	0	0	0
75	0	0	0	0	0	0	0	0	0
76	0	0	0	0	0	0	0	0	0
77	0	0	0	0	0	0	0	0	0
78	0	0	0	0	0	0	0	0	0
80	0	0	0	0	0	0	0	0	0
81	0	0	0	0	0	0	0	0	0
82	0	0	0	0	0	0	0	0	0
83	0	0	0	0	0	0	0	0	0
84	0	0	0	0	0	0	0	0	0
86	0	0	0	0	0	0	0	0	0
87	0	0	0	0	0	0	0	0	0
88	0	0	0	0	0	0	0	0	0
91	0	0	0	0	0	0	0	0	0
92	0	0	0	0	0	0	0	0	0
94	0	0	0	0	0	0	0	0	0
95	0	0	0	0	0	0	0	0	0
96	0	0	0	0	0	0	0	0	0
97	0	0	0	0	0	0	0	0	0
98	0	0	0	0	0	0	0	0	0
99	0	0	0	0	0	0	0	0	0
100	0	0	0	0	0	0	0	0	0
101	0	0	0	0	0	0	0	0	0
102	0	0	0	0	0	0	0	0	0
103	0	0	0	0	0	0	0	0	0
104	0	0	0	0	0	0	0	0	0
105	0	0	0	0	0	0	0	0	0
106	0	0	0	0	0	0	0	0	0
107	0	0	0	0	0	0	0	0	0
109	0	0	0	0	0	0	0	0	0
110	0	0	0	0	0	0	0	0	0
111	0	0	0	0	0	0	0	0	0
112	0	0	0	0	0	0	0	0	0
115	0	0	0	0	0	0	0	0	0
116	0	0	0	0	0	0	0	0	0
120	0	0	0	0	0	0	0	0	0
121	0	0	0	0	0	0	0	0	0
122	0	0	0	0	0	0	0	0	0
123	0	0	0	0	0	0	0	0	0
127	0	0	0	0	0	0	0	0	0
129	0	0	0	0	0	0	0	0	0
130	0	0	0	0	0	0	0	0	0
131	0	0	0	0	0	0	0	0	0
139	0	0	0	0	0	0	0	0	0
176	0	0	0	0	0	0	0	0	0
181	0	0	0	0	0	0	0	0	0
190	0	0	0	0	0	0	0	0	0
223	0	0	0	0	0	0	0	0	0
230	0	0	0	0	0	0	0	0	0
245	0	0	0	0	0	0	0	0	0
246	0	0	0	0	0	0	0	0	0
247	0	0	0	0	0	0	0	0	0
254	0	0	0	0	0	0	0	0	0
255	0	0	0	0	0	0	0	0	0
260	0	0	0	0	0	0	0	0	0
261	0	0	0	0	0	0	0	0	0
262	0	0	0	0	0	0	0	0	0
263	0	0	0	0	0	0	0	0	0
264	0	0	0	0	0	0	0	0	0
265	0	0	0	0	0	0	0	0	0
266	0	0	0	0	0	0	0	0	0
267	0	0	0	0	0	0	0	0	0
268	0	0	0	0	0	0	0	0	0
269	0	0	0	0	0	0	0	0	0
270	0	0	0	0	0	0	0	0	0
271	0	0	0	0	0	0	0	0	0
272	0	0	0	0	0	0	0	0	0
273	0	0	0	0	0	0	0	0	0
274	0	0	0	0	0	0	0	0	0
275	0	0	0	0	0	0	0	0	0
276	0	0	0	0	0	0	0	0	0
277	0	0	0	0	0	0	0	0	0
278	0	0	0	0	0	0	0	0	0
279	0	0	0	0	0	0	0	0	0
280	0	0	0	0	0	0	0	0	0
281	0	0	0	0	0	0	0	0	0
282	0	0	0	0	0	0	0	0	0
283	0	0	0	0	0	0	0	0	0
284	0	0	0	0	0	0	0	0	0
286	0	0	0	0	0	0	0	0	0
287	0	0	0	0	0	0	0	0	0
289	0	0	0	0	0	0	0	0	0
292	0	0	0	0	0	0	0	0	0
297	0	0	0	0	0	0	0	0	0
298	0	0	0	0	0	0	0	0	0
299	0	0	0	0	0	0	0	0	0
301	0	0	0	0	0	0	0	0	0
302	0	0	0	0	0	0	0	0	0
303	0	0	0	0	0	0	0	0	0
304	0	0	0	0	0	0	0	0	0
305	0	0	0	0	0	0	0	0	0
306	0	0	0	0	0	0	0	0	0
307	0	0	0	0	0	0	0	0	0
308	0	0	0	0	0	0	0	0	0
309	0	0	0	0	0	0	0	0	0
310	0	0	0	0	0	0	0	0	0
311	0	0	0	0	0	0	0	0	0
313	0	0	0	0	0	0	0	0	0
314	0	0	0	0	0	0	0	0	0
315	0	0	0	0	0	0	0	0	0
320	0	0	0	0	0	0	0	0	0
321	0	0	0	0	0	0	0	0	0
323	0	0	0	0	0	0	0	0	0
324	0	0	0	0	0	0	0	0	0
326	0	0	0	0	0	0	0	0	0
327	0	0	0	0	0	0	0	0	0
341	0	0	0	0	0	0	0	0	0
342	0	0	0	0	0	0	0	0	0
343	0	0	0	0	0	0	0	0	0
344	0	0	0	0	0	0	0	0	0
345	0	0	0	0	0	0	0	0	0
346	0	0	0	0	0	0	0	0	0
347	0	0	0	0	0	0	0	0	0
348	0	0	0	0	0	0	0	0	0
349	0	0	0	0	0	0	0	0	0
350	0	0	0	0	0	0	0	0	0
351	0	0	0	0	0	0	0	0	0
352	0	0	0	0	0	0	0	0	0
353	0	0	0	0	0	0	0	0	0
354	0	0	0	0	0	0	0	0	0
355	0	0	0	0	0	0	0	0	0
356	0	0	0	0	0	0	0	0	0
357	0	0	0	0	0	0	0	0	0
358	0	0	0	0	0	0	0	0	0
359	0	0	0	0	0	0	0	0	0
360	0	0	0	0	0	0	0	0	0
361	0	0	0	0	0	0	0	0	0
362	0	0	0	0	0	0	0	0	0
363	0	0	0	0	0	0	0	0	0
364	0	0	0	0	0	0	0	0	0
365	0	0	0	0	0	0	0	0	0
366	0	0	0	0	0	0	0	0	0
367	0	0	0	0	0	0	0	0	0
368	0	0	0	0	0	0	0	0	0
369	0	0	0	0	0	0	0	0	0
395	0	0	0	0	0	0	0	0	0
396	0	0	0	0	0	0	0	0	0
400	0	0	0	0	0	0	0	0	0
401	0	0	0	0	0	0	0	0	0
402	0	0	0	0	0	0	0	0	0
403	0	0	0	0	0	0	0	0	0
404	0	0	0	0	0	0	0	0	0
405	0	0	0	0	0	0	0	0	0
406	0	0	0	0	0	0	0	0	0
407	0	0	0	0	0	0	0	0	0
408	0	0	0	0	0	0	0	0	0
409	0	0	0	0	0	0	0	0	0
410	0	0	0	0	0	0	0	0	0
411	0	0	0	0	0	0	0	0	0
412	0	0	0	0	0	0	0	0	0
413	0	0	0	0	0	0	0	0	0
414	0	0	0	0	0	0	0	0	0
415	0	0	0	0	0	0	0	0	0
416	0	0	0	0	0	0	0	0	0
417	0	0	0	0	0	0	0	0	0
419	0	0	0	0	0	0	0	0	0
420	0	0	0	0	0	0	0	0	0
421	0	0	0	0	0	0	0	0	0
423	0	0	0	0	0	0	0	0	0
425	0	0	0	0	0	0	0	0	0
426	0	0	0	0	0	0	0	0	0
427	0	0	0	0	0	0	0	0	0
437	0	0	0	0	0	0	0	0	0
438	0	0	0	0	0	0	0	0	0
439	0	0	0	0	0	0	0	0	0
440	0	0	0	0	0	0	0	0	0
441	0	0	0	0	0	0	0	0	0
442	0	0	0	0	0	0	0	0	0
443	0	0	0	0	0	0	0	0	0
445	0	0	0	0	0	0	0	0	0
446	0	0	0	0	0	0	0	0	0
447	0	0	0	0	0	0	0	0	0
448	0	0	0	0	0	0	0	0	0
449	0	0	0	0	0	0	0	0	0
450	0	0	0	0	0	0	0	0	0
451	0	0	0	0	0	0	0	0	0
452	0	0	0	0	0	0	0	0	0
453	0	0	0	0	0	0	0	0	0
454	0	0	0	0	0	0	0	0	0
455	0	0	0	0	0	0	0	0	0
456	0	0	0	0	0	0	0	0	0
457	0	0	0	0	0	0	0	0	0
458	0	0	0	0	0	0	0	0	0
459	0	0	0	0	0	0	0	0	0
460	0	0	0	0	0	0	0	0	0
461	0	0	0	0	0	0	0	0	0
1002	0	0	0	0	0	0	0	0	0
1003	0	0	0	0	0	0	0	0	0
1004	0	0	0	0	0	0	0	0	0
1005	0	0	0	0	0	0	0	0	0
1006	0	0	0	0	0	0	0	0	0
1007	0	0	0	0	0	0	0	0	0
1008	0	0	0	0	0	0	0	0	0
1009	0	0	0	0	0	0	0	0	0
1010	0	0	0	0	0	0	0	0	0
1011	0	0	0	0	0	0	0	0	0
1012	0	0	0	0	0	0	0	0	0
1013	0	0	0	0	0	0	0	0	0
1015	0	0	0	0	0	0	0	0	0
1016	0	0	0	0	0	0	0	0	0
1018	0	0	0	0	0	0	0	0	0
1020	0	0	0	0	0	0	0	0	0
1027	0	0	0	0	0	0	0	0	0
1028	0	0	0	0	0	0	0	0	0
1031	0	0	0	0	0	0	0	0	0
1032	0	0	0	0	0	0	0	0	0
1033	0	0	0	0	0	0	0	0	0
1034	0	0	0	0	0	0	0	0	0
1035	0	0	0	0	0	0	0	0	0
1036	0	0	0	0	0	0	0	0	0
1040	0	0	0	0	0	0	0	0	0
1042	0	0	0	0	0	0	0	0	0
1043	0	0	0	0	0	0	0	0	0
1044	0	0	0	0	0	0	0	0	0
1045	0	0	0	0	0	0	0	0	0
1047	0	0	0	0	0	0	0	0	0
1048	0	0	0	0	0	0	0	0	0
1049	0	0	0	0	0	0	0	0	0
1050	0	0	0	0	0	0	0	0	0
1056	0	0	0	0	0	0	0	0	0
1059	0	0	0	0	0	0	0	0	0
1062	0	0	0	0	0	0	0	0	0
1064	0	0	0	0	0	0	0	0	0
1068	0	0	0	0	0	0	0	0	0
1069	0	0	0	0	0	0	0	0	0
1071	0	0	0	0	0	0	0	0	0
1072	0	0	0	0	0	0	0	0	0
1073	0	0	0	0	0	0	0	0	0
1074	0	0	0	0	0	0	0	0	0
1075	0	0	0	0	0	0	0	0	0
1077	0	0	0	0	0	0	0	0	0
1078	0	0	0	0	0	0	0	0	0
1083	0	0	0	0	0	0	0	0	0
1085	0	0	0	0	0	0	0	0	0
1086	0	0	0	0	0	0	0	0	0
1087	0	0	0	0	0	0	0	0	0
1090	0	0	0	0	0	0	0	0	0
1092	0	0	0	0	0	0	0	0	0
1095	0	0	0	0	0	0	0	0	0
1096	0	0	0	0	0	0	0	0	0
1097	0	0	0	0	0	0	0	0	0
1099	0	0	0	0	0	0	0	0	0
1100	0	0	0	0	0	0	0	0	0
1101	0	0	0	0	0	0	0	0	0
1102	0	0	0	0	0	0	0	0	0
1104	0	0	0	0	0	0	0	0	0
1105	0	0	0	0	0	0	0	0	0
1107	0	0	0	0	0	0	0	0	0
1108	0	0	0	0	0	0	0	0	0
1111	0	0	0	0	0	0	0	0	0
1126	0	0	0	0	0	0	0	0	0
1127	0	0	0	0	0	0	0	0	0
1128	0	0	0	0	0	0	0	0	0
1129	0	0	0	0	0	0	0	0	0
1139	0	0	0	0	0	0	0	0	0
1140	0	0	0	0	0	0	0	0	0
1141	0	0	0	0	0	0	0	0	0
1144	0	0	0	0	0	0	0	0	0
1145	0	0	0	0	0	0	0	0	0
1146	0	0	0	0	0	0	0	0	0
1147	0	0	0	0	0	0	0	0	0
1148	0	0	0	0	0	0	0	0	0
1151	0	0	0	0	0	0	0	0	0
1154	0	0	0	0	0	0	0	0	0
1155	0	0	0	0	0	0	0	0	0
1156	0	0	0	0	0	0	0	0	0
1157	0	0	0	0	0	0	0	0	0
1159	0	0	0	0	0	0	0	0	0
1160	0	0	0	0	0	0	0	0	0
1163	0	0	0	0	0	0	0	0	0
1164	0	0	0	0	0	0	0	0	0
1167	0	0	0	0	0	0	0	0	0
1168	0	0	0	0	0	0	0	0	0
1169	0	0	0	0	0	0	0	0	0
1170	0	0	0	0	0	0	0	0	0
1171	0	0	0	0	0	0	0	0	0
1172	0	0	0	0	0	0	0	0	0
1174	0	0	0	0	0	0	0	0	0
1175	0	0	0	0	0	0	0	0	0
1176	0	0	0	0	0	0	0	0	0
1177	0	0	0	0	0	0	0	0	0
1178	0	0	0	0	0	0	0	0	0
1181	0	0	0	0	0	0	0	0	0
1182	0	0	0	0	0	0	0	0	0
1183	0	0	0	0	0	0	0	0	0
1184	0	0	0	0	0	0	0	0	0
1189	0	0	0	0	0	0	0	0	0
1191	0	0	0	0	0	0	0	0	0
1201	0	0	0	0	0	0	0	0	0
1204	0	0	0	0	0	0	0	0	0
1206	0	0	0	0	0	0	0	0	0
1208	0	0	0	0	0	0	0	0	0
1209	0	0	0	0	0	0	0	0	0
1210	0	0	0	0	0	0	0	0	0
1213	0	0	0	0	0	0	0	0	0
1216	0	0	0	0	0	0	0	0	0
1217	0	0	0	0	0	0	0	0	0
1218	0	0	0	0	0	0	0	0	0
1219	0	0	0	0	0	0	0	0	0
1220	0	0	0	0	0	0	0	0	0
1222	0	0	0	0	0	0	0	0	0
1223	0	0	0	0	0	0	0	0	0
1224	0	0	0	0	0	0	0	0	0
1225	0	0	0	0	0	0	0	0	0
1226	0	0	0	0	0	0	0	0	0
1227	0	0	0	0	0	0	0	0	0
1228	0	0	0	0	0	0	0	0	0
1229	0	0	0	0	0	0	0	0	0
1230	0	0	0	0	0	0	0	0	0
1231	0	0	0	0	0	0	0	0	0
1232	0	0	0	0	0	0	0	0	0
1233	0	0	0	0	0	0	0	0	0
1234	0	0	0	0	0	0	0	0	0
1235	0	0	0	0	0	0	0	0	0
1236	0	0	0	0	0	0	0	0	0
1237	0	0	0	0	0	0	0	0	0
1238	0	0	0	0	0	0	0	0	0
1239	0	0	0	0	0	0	0	0	0
1240	0	0	0	0	0	0	0	0	0
1242	0	0	0	0	0	0	0	0	0
1243	0	0	0	0	0	0	0	0	0
1244	0	0	0	0	0	0	0	0	0
1245	0	0	0	0	0	0	0	0	0
1246	0	0	0	0	0	0	0	0	0
1247	0	0	0	0	0	0	0	0	0
1248	0	0	0	0	0	0	0	0	0
1249	0	0	0	0	0	0	0	0	0
1250	0	0	0	0	0	0	0	0	0
1251	0	0	0	0	0	0	0	0	0
1252	0	0	0	0	0	0	0	0	0
1253	0	0	0	0	0	0	0	0	0
1254	0	0	0	0	0	0	0	0	0
1255	0	0	0	0	0	0	0	0	0
1256	0	0	0	0	0	0	0	0	0
1257	0	0	0	0	0	0	0	0	0
1258	0	0	0	0	0	0	0	0	0
1259	0	0	0	0	0	0	0	0	0
1260	0	0	0	0	0	0	0	0	0
1261	0	0	0	0	0	0	0	0	0
1263	0	0	0	0	0	0	0	0	0
1264	0	0	0	0	0	0	0	0	0
1265	0	0	0	0	0	0	0	0	0
1266	0	0	0	0	0	0	0	0	0
1267	0	0	0	0	0	0	0	0	0
1268	0	0	0	0	0	0	0	0	0
1269	0	0	0	0	0	0	0	0	0
1271	0	0	0	0	0	0	0	0	0
1272	0	0	0	0	0	0	0	0	0
1273	0	0	0	0	0	0	0	0	0
1274	0	0	0	0	0	0	0	0	0
1275	0	0	0	0	0	0	0	0	0
1276	0	0	0	0	0	0	0	0	0
1277	0	0	0	0	0	0	0	0	0
1278	0	0	0	0	0	0	0	0	0
1279	0	0	0	0	0	0	0	0	0
1280	0	0	0	0	0	0	0	0	0
1281	0	0	0	0	0	0	0	0	0
1282	0	0	0	0	0	0	0	0	0
1284	0	0	0	0	0	0	0	0	0
1285	0	0	0	0	0	0	0	0	0
1286	0	0	0	0	0	0	0	0	0
1287	0	0	0	0	0	0	0	0	0
1288	0	0	0	0	0	0	0	0	0
1289	0	0	0	0	0	0	0	0	0
1290	0	0	0	0	0	0	0	0	0
1291	0	0	0	0	0	0	0	0	0
1292	0	0	0	0	0	0	0	0	0
1293	0	0	0	0	0	0	0	0	0
1294	0	0	0	0	0	0	0	0	0
1295	0	0	0	0	0	0	0	0	0
1296	0	0	0	0	0	0	0	0	0
1298	0	0	0	0	0	0	0	0	0
1299	0	0	0	0	0	0	0	0	0
1300	0	0	0	0	0	0	0	0	0
1301	0	0	0	0	0	0	0	0	0
1303	0	0	0	0	0	0	0	0	0
1304	0	0	0	0	0	0	0	0	0
1305	0	0	0	0	0	0	0	0	0
1306	0	0	0	0	0	0	0	0	0
1307	0	0	0	0	0	0	0	0	0
1308	0	0	0	0	0	0	0	0	0
1309	0	0	0	0	0	0	0	0	0
1310	0	0	0	0	0	0	0	0	0
1311	0	0	0	0	0	0	0	0	0
1323	0	0	0	0	0	0	0	0	0
1324	0	0	0	0	0	0	0	0	0
1325	0	0	0	0	0	0	0	0	0
1326	0	0	0	0	0	0	0	0	0
1327	0	0	0	0	0	0	0	0	0
1328	0	0	0	0	0	0	0	0	0
1329	0	0	0	0	0	0	0	0	0
1330	0	0	0	0	0	0	0	0	0
1331	0	0	0	0	0	0	0	0	0
1332	0	0	0	0	0	0	0	0	0
1333	0	0	0	0	0	0	0	0	0
1334	0	0	0	0	0	0	0	0	0
1335	0	0	0	0	0	0	0	0	0
1336	0	0	0	0	0	0	0	0	0
1337	0	0	0	0	0	0	0	0	0
1338	0	0	0	0	0	0	0	0	0
1339	0	0	0	0	0	0	0	0	0
1340	0	0	0	0	0	0	0	0	0
1341	0	0	0	0	0	0	0	0	0
1342	0	0	0	0	0	0	0	0	0
1343	0	0	0	0	0	0	0	0	0
1344	0	0	0	0	0	0	0	0	0
1345	0	0	0	0	0	0	0	0	0
1346	0	0	0	0	0	0	0	0	0
1347	0	0	0	0	0	0	0	0	0
1348	0	0	0	0	0	0	0	0	0
1349	0	0	0	0	0	0	0	0	0
1350	0	0	0	0	0	0	0	0	0
1351	0	0	0	0	0	0	0	0	0
1352	0	0	0	0	0	0	0	0	0
1353	0	0	0	0	0	0	0	0	0
1354	0	0	0	0	0	0	0	0	0
1355	0	0	0	0	0	0	0	0	0
1356	0	0	0	0	0	0	0	0	0
1357	0	0	0	0	0	0	0	0	0
1358	0	0	0	0	0	0	0	0	0
1359	0	0	0	0	0	0	0	0	0
1360	0	0	0	0	0	0	0	0	0
1361	0	0	0	0	0	0	0	0	0
1362	0	0	0	0	0	0	0	0	0
1363	0	0	0	0	0	0	0	0	0
1364	0	0	0	0	0	0	0	0	0
1365	0	0	0	0	0	0	0	0	0
1366	0	0	0	0	0	0	0	0	0
1367	0	0	0	0	0	0	0	0	0
1374	0	0	0	0	0	0	0	0	0
1375	0	0	0	0	0	0	0	0	0
1376	0	0	0	0	0	0	0	0	0
1380	0	0	0	0	0	0	0	0	0
1381	0	0	0	0	0	0	0	0	0
1382	0	0	0	0	0	0	0	0	0
1383	0	0	0	0	0	0	0	0	0
1384	0	0	0	0	0	0	0	0	0
1385	0	0	0	0	0	0	0	0	0
1386	0	0	0	0	0	0	0	0	0
1387	0	0	0	0	0	0	0	0	0
1388	0	0	0	0	0	0	0	0	0
1389	0	0	0	0	0	0	0	0	0
1390	0	0	0	0	0	0	0	0	0
1391	0	0	0	0	0	0	0	0	0
1392	0	0	0	0	0	0	0	0	0
1393	0	0	0	0	0	0	0	0	0
1394	0	0	0	0	0	0	0	0	0
1395	0	0	0	0	0	0	0	0	0
1396	0	0	0	0	0	0	0	0	0
1397	0	0	0	0	0	0	0	0	0
1398	0	0	0	0	0	0	0	0	0
1399	0	0	0	0	0	0	0	0	0
1400	0	0	0	0	0	0	0	0	0
1401	0	0	0	0	0	0	0	0	0
1402	0	0	0	0	0	0	0	0	0
1403	0	0	0	0	0	0	0	0	0
1404	0	0	0	0	0	0	0	0	0
1406	0	0	0	0	0	0	0	0	0
1407	0	0	0	0	0	0	0	0	0
1408	0	0	0	0	0	0	0	0	0
1409	0	0	0	0	0	0	0	0	0
1410	0	0	0	0	0	0	0	0	0
1411	0	0	0	0	0	0	0	0	0
1412	0	0	0	0	0	0	0	0	0
1413	0	0	0	0	0	0	0	0	0
1414	0	0	0	0	0	0	0	0	0
1415	0	0	0	0	0	0	0	0	0
1416	0	0	0	0	0	0	0	0	0
1417	0	0	0	0	0	0	0	0	0
1418	0	0	0	0	0	0	0	0	0
1419	0	0	0	0	0	0	0	0	0
1420	0	0	0	0	0	0	0	0	0
1421	0	0	0	0	0	0	0	0	0
1423	0	0	0	0	0	0	0	0	0
1424	0	0	0	0	0	0	0	0	0
1425	0	0	0	0	0	0	0	0	0
1426	0	0	0	0	0	0	0	0	0
1427	0	0	0	0	0	0	0	0	0
1428	0	0	0	0	0	0	0	0	0
1429	0	0	0	0	0	0	0	0	0
1430	0	0	0	0	0	0	0	0	0
2003	0	0	0	0	0	0	0	0	0
2004	0	0	0	0	0	0	0	0	0
2005	0	0	0	0	0	0	0	0	0
2008	0	0	0	0	0	0	0	0	0
2009	0	0	0	0	0	0	0	0	0
2011	0	0	0	0	0	0	0	0	0
2012	0	0	0	0	0	0	0	0	0
2013	0	0	0	0	0	0	0	0	0
2014	0	0	0	0	0	0	0	0	0
2025	0	0	0	0	0	0	0	0	0
2031	0	0	0	0	0	0	0	0	0
2032	0	0	0	0	0	0	0	0	0
2033	0	0	0	0	0	0	0	0	0
2034	0	0	0	0	0	0	0	0	0
2035	0	0	0	0	0	0	0	0	0
2036	0	0	0	0	0	0	0	0	0
2037	0	0	0	0	0	0	0	0	0
2038	0	0	0	0	0	0	0	0	0
2039	0	0	0	0	0	0	0	0	0
2040	0	0	0	0	0	0	0	0	0
2041	0	0	0	0	0	0	0	0	0
2042	0	0	0	0	0	0	0	0	0
2043	0	0	0	0	0	0	0	0	0
2044	0	0	0	0	0	0	0	0	0
2045	0	0	0	0	0	0	0	0	0
2046	0	0	0	0	0	0	0	0	0
2047	0	0	0	0	0	0	0	0	0
2048	0	0	0	0	0	0	0	0	0
2049	0	0	0	0	0	0	0	0	0
2050	0	0	0	0	0	0	0	0	0
2051	0	0	0	0	0	0	0	0	0
2052	0	0	0	0	0	0	0	0	0
2053	0	0	0	0	0	0	0	0	0
2054	0	0	0	0	0	0	0	0	0
2055	0	0	0	0	0	0	0	0	0
2056	0	0	0	0	0	0	0	0	0
2057	0	0	0	0	0	0	0	0	0
2058	0	0	0	0	0	0	0	0	0
2059	0	0	0	0	0	0	0	0	0
2061	0	0	0	0	0	0	0	0	0
2062	0	0	0	0	0	0	0	0	0
2063	0	0	0	0	0	0	0	0	0
2064	0	0	0	0	0	0	0	0	0
2065	0	0	0	0	0	0	0	0	0
2066	0	0	0	0	0	0	0	0	0
2067	0	0	0	0	0	0	0	0	0
2068	0	0	0	0	0	0	0	0	0
2069	0	0	0	0	0	0	0	0	0
2070	0	0	0	0	0	0	0	0	0
2071	0	0	0	0	0	0	0	0	0
2072	0	0	0	0	0	0	0	0	0
2073	0	0	0	0	0	0	0	0	0
2076	0	0	0	0	0	0	0	0	0
2094	0	0	0	0	0	0	0	0	0
2097	0	0	0	0	0	0	0	0	0
2098	0	0	0	0	0	0	0	0	0
2099	0	0	0	0	0	0	0	0	0
2100	0	0	0	0	0	0	0	0	0
2101	0	0	0	0	0	0	0	0	0
2102	0	0	0	0	0	0	0	0	0
2103	0	0	0	0	0	0	0	0	0
2122	0	0	0	0	0	0	0	0	0
2123	0	0	0	0	0	0	0	0	0
2124	0	0	0	0	0	0	0	0	0
2125	0	0	0	0	0	0	0	0	0
2126	0	0	0	0	0	0	0	0	0
2127	0	0	0	0	0	0	0	0	0
2128	0	0	0	0	0	0	0	0	0
2129	0	0	0	0	0	0	0	0	0
2130	0	0	0	0	0	0	0	0	0
2131	0	0	0	0	0	0	0	0	0
2132	0	0	0	0	0	0	0	0	0
2133	0	0	0	0	0	0	0	0	0
2134	0	0	0	0	0	0	0	0	0
2135	0	0	0	0	0	0	0	0	0
2140	0	0	0	0	0	0	0	0	0
2141	0	0	0	0	0	0	0	0	0
2142	0	0	0	0	0	0	0	0	0
2143	0	0	0	0	0	0	0	0	0
2144	0	0	0	0	0	0	0	0	0
2145	0	0	0	0	0	0	0	0	0
2146	0	0	0	0	0	0	0	0	0
2147	0	0	0	0	0	0	0	0	0
2148	0	0	0	0	0	0	0	0	0
2149	0	0	0	0	0	0	0	0	0
2150	0	0	0	0	0	0	0	0	0
2151	0	0	0	0	0	0	0	0	0
2152	0	0	0	0	0	0	0	0	0
2153	0	0	0	0	0	0	0	0	0
2154	0	0	0	0	0	0	0	0	0
2155	0	0	0	0	0	0	0	0	0
2156	0	0	0	0	0	0	0	0	0
2157	0	0	0	0	0	0	0	0	0
2158	0	0	0	0	0	0	0	0	0
2159	0	0	0	0	0	0	0	0	0
2160	0	0	0	0	0	0	0	0	0
2161	0	0	0	0	0	0	0	0	0
2162	0	0	0	0	0	0	0	0	0
2163	0	0	0	0	0	0	0	0	0
2164	0	0	0	0	0	0	0	0	0
2165	0	0	0	0	0	0	0	0	0
2166	0	0	0	0	0	0	0	0	0
2167	0	0	0	0	0	0	0	0	0
2168	0	0	0	0	0	0	0	0	0
2169	0	0	0	0	0	0	0	0	0
2170	0	0	0	0	0	0	0	0	0
2177	0	0	0	0	0	0	0	0	0
2178	0	0	0	0	0	0	0	0	0
2179	0	0	0	0	0	0	0	0	0
2180	0	0	0	0	0	0	0	0	0
2181	0	0	0	0	0	0	0	0	0
2182	0	0	0	0	0	0	0	0	0
2183	0	0	0	0	0	0	0	0	0
2184	0	0	0	0	0	0	0	0	0
2185	0	0	0	0	0	0	0	0	0
2186	0	0	0	0	0	0	0	0	0
2187	0	0	0	0	0	0	0	0	0
2213	0	0	0	0	0	0	0	0	0
2214	0	0	0	0	0	0	0	0	0
2230	0	0	0	0	0	0	0	0	0
2234	0	0	0	0	0	0	0	0	0
2240	0	0	0	0	0	0	0	0	0
2241	0	0	0	0	0	0	0	0	0
2242	0	0	0	0	0	0	0	0	0
2243	0	0	0	0	0	0	0	0	0
2244	0	0	0	0	0	0	0	0	0
2245	0	0	0	0	0	0	0	0	0
2246	0	0	0	0	0	0	0	0	0
2247	0	0	0	0	0	0	0	0	0
2272	0	0	0	0	0	0	0	0	0
2276	0	0	0	0	0	0	0	0	0
2280	0	0	0	0	0	0	0	0	0
2281	0	0	0	0	0	0	0	0	0
2282	0	0	0	0	0	0	0	0	0
2283	0	0	0	0	0	0	0	0	0
2284	0	0	0	0	0	0	0	0	0
2285	0	0	0	0	0	0	0	0	0
2286	0	0	0	0	0	0	0	0	0
2287	0	0	0	0	0	0	0	0	0
2288	0	0	0	0	0	0	0	0	0
2289	0	0	0	0	0	0	0	0	0
2305	0	0	0	0	0	0	0	0	0
2310	0	0	0	0	0	0	0	0	0
2311	0	0	0	0	0	0	0	0	0
2312	0	0	0	0	0	0	0	0	0
2313	0	0	0	0	0	0	0	0	0
2314	0	0	0	0	0	0	0	0	0
2315	0	0	0	0	0	0	0	0	0
2316	0	0	0	0	0	0	0	0	0
2317	0	0	0	0	0	0	0	0	0
2318	0	0	0	0	0	0	0	0	0
2319	0	0	0	0	0	0	0	0	0
2320	0	0	0	0	0	0	0	0	0
2321	0	0	0	0	0	0	0	0	0
3123	0	0	0	0	0	0	0	0	0
3124	0	0	0	0	0	0	0	0	0
3125	0	0	0	0	0	0	0	0	0
3126	0	0	0	0	0	0	0	0	0
3127	0	0	0	0	0	0	0	0	0
3128	0	0	0	0	0	0	0	0	0
3129	0	0	0	0	0	0	0	0	0
3130	0	0	0	0	0	0	0	0	0
3131	0	0	0	0	0	0	0	0	0
3132	0	0	0	0	0	0	0	0	0
3133	0	0	0	0	0	0	0	0	0
3134	0	0	0	0	0	0	0	0	0
3135	0	0	0	0	0	0	0	0	0
3136	0	0	0	0	0	0	0	0	0
3137	0	0	0	0	0	0	0	0	0
3138	0	0	0	0	0	0	0	0	0
3139	0	0	0	0	0	0	0	0	0
3140	0	0	0	0	0	0	0	0	0
3141	0	0	0	0	0	0	0	0	0
3142	0	0	0	0	0	0	0	0	0
3143	0	0	0	0	0	0	0	0	0
3144	0	0	0	0	0	0	0	0	0
3145	0	0	0	0	0	0	0	0	0
3146	0	0	0	0	0	0	0	0	0
3147	0	0	0	0	0	0	0	0	0
3148	0	0	0	0	0	0	0	0	0
3149	0	0	0	0	0	0	0	0	0
3150	0	0	0	0	0	0	0	0	0
3151	0	0	0	0	0	0	0	0	0
3152	0	0	0	0	0	0	0	0	0
3153	0	0	0	0	0	0	0	0	0
3154	0	0	0	0	0	0	0	0	0
3155	0	0	0	0	0	0	0	0	0
3156	0	0	0	0	0	0	0	0	0
3157	0	0	0	0	0	0	0	0	0
3158	0	0	0	0	0	0	0	0	0
3159	0	0	0	0	0	0	0	0	0
3160	0	0	0	0	0	0	0	0	0
3161	0	0	0	0	0	0	0	0	0
3163	0	0	0	0	0	0	0	0	0
3164	0	0	0	0	0	0	0	0	0
3165	0	0	0	0	0	0	0	0	0
3167	0	0	0	0	0	0	0	0	0
3168	0	0	0	0	0	0	0	0	0
3169	0	0	0	0	0	0	0	0	0
3170	0	0	0	0	0	0	0	0	0
3171	0	0	0	0	0	0	0	0	0
3172	0	0	0	0	0	0	0	0	0
3173	0	0	0	0	0	0	0	0	0
3174	0	0	0	0	0	0	0	0	0
3175	0	0	0	0	0	0	0	0	0
3176	0	0	0	0	0	0	0	0	0
3177	0	0	0	0	0	0	0	0	0
3178	0	0	0	0	0	0	0	0	0
3179	0	0	0	0	0	0	0	0	0
3180	0	0	0	0	0	0	0	0	0
3181	0	0	0	0	0	0	0	0	0
3182	0	0	0	0	0	0	0	0	0
3183	0	0	0	0	0	0	0	0	0
3184	0	0	0	0	0	0	0	0	0
3185	0	0	0	0	0	0	0	0	0
3186	0	0	0	0	0	0	0	0	0
3187	0	0	0	0	0	0	0	0	0
3188	0	0	0	0	0	0	0	0	0
3189	0	0	0	0	0	0	0	0	0
3190	0	0	0	0	0	0	0	0	0
3191	0	0	0	0	0	0	0	0	0
3192	0	0	0	0	0	0	0	0	0
3193	0	0	0	0	0	0	0	0	0
3194	0	0	0	0	0	0	0	0	0
3195	0	0	0	0	0	0	0	0	0
3196	0	0	0	0	0	0	0	0	0
3197	0	0	0	0	0	0	0	0	0
3198	0	0	0	0	0	0	0	0	0
3199	0	0	0	0	0	0	0	0	0
3202	0	0	0	0	0	0	0	0	0
3204	0	0	0	0	0	0	0	0	0
3205	0	0	0	0	0	0	0	0	0
3206	0	0	0	0	0	0	0	0	0
3260	0	0	0	0	0	0	0	0	0
3261	0	0	0	0	0	0	0	0	0
3262	0	0	0	0	0	0	0	0	0
3626	0	0	0	0	0	0	0	0	0
3627	0	0	0	0	0	0	0	0	0
3628	0	0	0	0	0	0	0	0	0
3632	0	0	0	0	0	0	0	0	0
3633	0	0	0	0	0	0	0	0	0
4001	0	0	0	0	0	0	0	0	0
4002	0	0	0	0	0	0	0	0	0
4017	0	0	0	0	0	0	0	0	0
4018	0	0	0	0	0	0	0	0	0
4019	0	0	0	0	0	0	0	0	0
4020	0	0	0	0	0	0	0	0	0
4024	0	0	0	0	0	0	0	0	0
4025	0	0	0	0	0	0	0	0	0
4026	0	0	0	0	0	0	0	0	0
4027	0	0	0	0	0	0	0	0	0
4028	0	0	0	0	0	0	0	0	0
4029	0	0	0	0	0	0	0	0	0
4030	0	0	0	0	0	0	0	0	0
4031	0	0	0	0	0	0	0	0	0
4032	0	0	0	0	0	0	0	0	0
4033	0	0	0	0	0	0	0	0	0
4034	0	0	0	0	0	0	0	0	0
4035	0	0	0	0	0	0	0	0	0
4036	0	0	0	0	0	0	0	0	0
4037	0	0	0	0	0	0	0	0	0
4038	0	0	0	0	0	0	0	0	0
4039	0	0	0	0	0	0	0	0	0
4040	0	0	0	0	0	0	0	0	0
4041	0	0	0	0	0	0	0	0	0
4042	0	0	0	0	0	0	0	0	0
4043	0	0	0	0	0	0	0	0	0
4044	0	0	0	0	0	0	0	0	0
4046	0	0	0	0	0	0	0	0	0
4047	0	0	0	0	0	0	0	0	0
4049	0	0	0	0	0	0	0	0	0
4050	0	0	0	0	0	0	0	0	0
4051	0	0	0	0	0	0	0	0	0
4052	0	0	0	0	0	0	0	0	0
4053	0	0	0	0	0	0	0	0	0
4054	0	0	0	0	0	0	0	0	0
4055	0	0	0	0	0	0	0	0	0
4063	0	0	0	0	0	0	0	0	0
4064	0	0	0	0	0	0	0	0	0
4065	0	0	0	0	0	0	0	0	0
4066	0	0	0	0	0	0	0	0	0
4067	0	0	0	0	0	0	0	0	0
4068	0	0	0	0	0	0	0	0	0
4069	0	0	0	0	0	0	0	0	0
4072	0	0	0	0	0	0	0	0	0
4073	0	0	0	0	0	0	0	0	0
4074	0	0	0	0	0	0	0	0	0
4075	0	0	0	0	0	0	0	0	0
4076	0	0	0	0	0	0	0	0	0
4077	0	0	0	0	0	0	0	0	0
4078	0	0	0	0	0	0	0	0	0
4080	0	0	0	0	0	0	0	0	0
4081	0	0	0	0	0	0	0	0	0
4082	0	0	0	0	0	0	0	0	0
4083	0	0	0	0	0	0	0	0	0
4087	0	0	0	0	0	0	0	0	0
4088	0	0	0	0	0	0	0	0	0
4089	0	0	0	0	0	0	0	0	0
4090	0	0	0	0	0	0	0	0	0
4091	0	0	0	0	0	0	0	0	0
4092	0	0	0	0	0	0	0	0	0
4094	0	0	0	0	0	0	0	0	0
4096	0	0	0	0	0	0	0	0	0
4097	0	0	0	0	0	0	0	0	0
4098	0	0	0	0	0	0	0	0	0
4099	0	0	0	0	0	0	0	0	0
4100	0	0	0	0	0	0	0	0	0
4101	0	0	0	0	0	0	0	0	0
4102	0	0	0	0	0	0	0	0	0
4103	0	0	0	0	0	0	0	0	0
4104	0	0	0	0	0	0	0	0	0
4105	0	0	0	0	0	0	0	0	0
4106	0	0	0	0	0	0	0	0	0
4107	0	0	0	0	0	0	0	0	0
4108	0	0	0	0	0	0	0	0	0
4109	0	0	0	0	0	0	0	0	0
4110	0	0	0	0	0	0	0	0	0
4111	0	0	0	0	0	0	0	0	0
4114	0	0	0	0	0	0	0	0	0
4115	0	0	0	0	0	0	0	0	0
4117	0	0	0	0	0	0	0	0	0
4118	0	0	0	0	0	0	0	0	0
4119	0	0	0	0	0	0	0	0	0
4120	0	0	0	0	0	0	0	0	0
4123	0	0	0	0	0	0	0	0	0
4124	0	0	0	0	0	0	0	0	0
4127	0	0	0	0	0	0	0	0	0
4128	0	0	0	0	0	0	0	0	0
4129	0	0	0	0	0	0	0	0	0
4130	0	0	0	0	0	0	0	0	0
4131	0	0	0	0	0	0	0	0	0
4132	0	0	0	0	0	0	0	0	0
4133	0	0	0	0	0	0	0	0	0
4135	0	0	0	0	0	0	0	0	0
4136	0	0	0	0	0	0	0	0	0
4137	0	0	0	0	0	0	0	0	0
4138	0	0	0	0	0	0	0	0	0
4139	0	0	0	0	0	0	0	0	0
4141	0	0	0	0	0	0	0	0	0
4142	0	0	0	0	0	0	0	0	0
4143	0	0	0	0	0	0	0	0	0
4144	0	0	0	0	0	0	0	0	0
4151	0	0	0	0	0	0	0	0	0
4152	0	0	0	0	0	0	0	0	0
4153	0	0	0	0	0	0	0	0	0
4154	0	0	0	0	0	0	0	0	0
4155	0	0	0	0	0	0	0	0	0
4156	0	0	0	0	0	0	0	0	0
4157	0	0	0	0	0	0	0	0	0
4158	0	0	0	0	0	0	0	0	0
4159	0	0	0	0	0	0	0	0	0
4160	0	0	0	0	0	0	0	0	0
4161	0	0	0	0	0	0	0	0	0
4163	0	0	0	0	0	0	0	0	0
4164	0	0	0	0	0	0	0	0	0
4165	0	0	0	0	0	0	0	0	0
4166	0	0	0	0	0	0	0	0	0
4168	0	0	0	0	0	0	0	0	0
4169	0	0	0	0	0	0	0	0	0
4170	0	0	0	0	0	0	0	0	0
4171	0	0	0	0	0	0	0	0	0
4172	0	0	0	0	0	0	0	0	0
4173	0	0	0	0	0	0	0	0	0
4174	0	0	0	0	0	0	0	0	0
4175	0	0	0	0	0	0	0	0	0
4176	0	0	0	0	0	0	0	0	0
4177	0	0	0	0	0	0	0	0	0
4178	0	0	0	0	0	0	0	0	0
4179	0	0	0	0	0	0	0	0	0
4180	0	0	0	0	0	0	0	0	0
4181	0	0	0	0	0	0	0	0	0
4182	0	0	0	0	0	0	0	0	0
4183	0	0	0	0	0	0	0	0	0
4184	0	0	0	0	0	0	0	0	0
4185	0	0	0	0	0	0	0	0	0
4186	0	0	0	0	0	0	0	0	0
4187	0	0	0	0	0	0	0	0	0
4188	0	0	0	0	0	0	0	0	0
4189	0	0	0	0	0	0	0	0	0
4190	0	0	0	0	0	0	0	0	0
4191	0	0	0	0	0	0	0	0	0
4192	0	0	0	0	0	0	0	0	0
4193	0	0	0	0	0	0	0	0	0
4194	0	0	0	0	0	0	0	0	0
4195	0	0	0	0	0	0	0	0	0
4196	0	0	0	0	0	0	0	0	0
4197	0	0	0	0	0	0	0	0	0
4198	0	0	0	0	0	0	0	0	0
4199	0	0	0	0	0	0	0	0	0
4200	0	0	0	0	0	0	0	0	0
4201	0	0	0	0	0	0	0	0	0
4202	0	0	0	0	0	0	0	0	0
4203	0	0	0	0	0	0	0	0	0
4204	0	0	0	0	0	0	0	0	0
4205	0	0	0	0	0	0	0	0	0
4206	0	0	0	0	0	0	0	0	0
4207	0	0	0	0	0	0	0	0	0
4208	0	0	0	0	0	0	0	0	0
4209	0	0	0	0	0	0	0	0	0
4210	0	0	0	0	0	0	0	0	0
4211	0	0	0	0	0	0	0	0	0
4212	0	0	0	0	0	0	0	0	0
4213	0	0	0	0	0	0	0	0	0
4214	0	0	0	0	0	0	0	0	0
4216	0	0	0	0	0	0	0	0	0
4217	0	0	0	0	0	0	0	0	0
4218	0	0	0	0	0	0	0	0	0
4219	0	0	0	0	0	0	0	0	0
4220	0	0	0	0	0	0	0	0	0
4221	0	0	0	0	0	0	0	0	0
4222	0	0	0	0	0	0	0	0	0
4228	0	0	0	0	0	0	0	0	0
4229	0	0	0	0	0	0	0	0	0
4230	0	0	0	0	0	0	0	0	0
4231	0	0	0	0	0	0	0	0	0
4232	0	0	0	0	0	0	0	0	0
4235	0	0	0	0	0	0	0	0	0
4236	0	0	0	0	0	0	0	0	0
4237	0	0	0	0	0	0	0	0	0
4238	0	0	0	0	0	0	0	0	0
4244	0	0	0	0	0	0	0	0	0
4247	0	0	0	0	0	0	0	0	0
4248	0	0	0	0	0	0	0	0	0
4249	0	0	0	0	0	0	0	0	0
4250	0	0	0	0	0	0	0	0	0
4251	0	0	0	0	0	0	0	0	0
4252	0	0	0	0	0	0	0	0	0
4253	0	0	0	0	0	0	0	0	0
4254	0	0	0	0	0	0	0	0	0
4255	0	0	0	0	0	0	0	0	0
4257	0	0	0	0	0	0	0	0	0
4259	0	0	0	0	0	0	0	0	0
4260	0	0	0	0	0	0	0	0	0
4261	0	0	0	0	0	0	0	0	0
4289	0	0	0	0	0	0	0	0	0
4314	0	0	0	0	0	0	0	0	0
4315	0	0	0	0	0	0	0	0	0
4316	0	0	0	0	0	0	0	0	0
4317	0	0	0	0	0	0	0	0	0
4318	0	0	0	0	0	0	0	0	0
4319	0	0	0	0	0	0	0	0	0
4320	0	0	0	0	0	0	0	0	0
4321	0	0	0	0	0	0	0	0	0
4322	0	0	0	0	0	0	0	0	0
4323	0	0	0	0	0	0	0	0	0
4324	0	0	0	0	0	0	0	0	0
4325	0	0	0	0	0	0	0	0	0
4326	0	0	0	0	0	0	0	0	0
4327	0	0	0	0	0	0	0	0	0
4328	0	0	0	0	0	0	0	0	0
4329	0	0	0	0	0	0	0	0	0
4330	0	0	0	0	0	0	0	0	0
4331	0	0	0	0	0	0	0	0	0
4334	0	0	0	0	0	0	0	0	0
4339	0	0	0	0	0	0	0	0	0
4340	0	0	0	0	0	0	0	0	0
4341	0	0	0	0	0	0	0	0	0
4342	0	0	0	0	0	0	0	0	0
4343	0	0	0	0	0	0	0	0	0
4344	0	0	0	0	0	0	0	0	0
4345	0	0	0	0	0	0	0	0	0
4346	0	0	0	0	0	0	0	0	0
4347	0	0	0	0	0	0	0	0	0
4348	0	0	0	0	0	0	0	0	0
4349	0	0	0	0	0	0	0	0	0
4350	0	0	0	0	0	0	0	0	0
4351	0	0	0	0	0	0	0	0	0
4352	0	0	0	0	0	0	0	0	0
4353	0	0	0	0	0	0	0	0	0
4354	0	0	0	0	0	0	0	0	0
4355	0	0	0	0	0	0	0	0	0
4356	0	0	0	0	0	0	0	0	0
4357	0	0	0	0	0	0	0	0	0
4358	0	0	0	0	0	0	0	0	0
4359	0	0	0	0	0	0	0	0	0
4360	0	0	0	0	0	0	0	0	0
4361	0	0	0	0	0	0	0	0	0
4362	0	0	0	0	0	0	0	0	0
4363	0	0	0	0	0	0	0	0	0
4364	0	0	0	0	0	0	0	0	0
4365	0	0	0	0	0	0	0	0	0
4366	0	0	0	0	0	0	0	0	0
4377	0	0	0	0	0	0	0	0	0
4378	0	0	0	0	0	0	0	0	0
4380	0	0	0	0	0	0	0	0	0
4383	0	0	0	0	0	0	0	0	0
4391	0	0	0	0	0	0	0	0	0
4392	0	0	0	0	0	0	0	0	0
4393	0	0	0	0	0	0	0	0	0
4394	0	0	0	0	0	0	0	0	0
4395	0	0	0	0	0	0	0	0	0
4396	0	0	0	0	0	0	0	0	0
4397	0	0	0	0	0	0	0	0	0
4398	0	0	0	0	0	0	0	0	0
4399	0	0	0	0	0	0	0	0	0
4400	0	0	0	0	0	0	0	0	0
4401	0	0	0	0	0	0	0	0	0
4402	0	0	0	0	0	0	0	0	0
4403	0	0	0	0	0	0	0	0	0
4404	0	0	0	0	0	0	0	0	0
4405	0	0	0	0	0	0	0	0	0
4406	0	0	0	0	0	0	0	0	0
4463	0	0	0	0	0	0	0	0	0
4464	0	0	0	0	0	0	0	0	0
4465	0	0	0	0	0	0	0	0	0
4466	0	0	0	0	0	0	0	0	0
4467	0	0	0	0	0	0	0	0	0
4468	0	0	0	0	0	0	0	0	0
4469	0	0	0	0	0	0	0	0	0
4470	0	0	0	0	0	0	0	0	0
4471	0	0	0	0	0	0	0	0	0
4472	0	0	0	0	0	0	0	0	0
4473	0	0	0	0	0	0	0	0	0
4474	0	0	0	0	0	0	0	0	0
4475	0	0	0	0	0	0	0	0	0
4476	0	0	0	0	0	0	0	0	0
4477	0	0	0	0	0	0	0	0	0
4478	0	0	0	0	0	0	0	0	0
4479	0	0	0	0	0	0	0	0	0
4480	0	0	0	0	0	0	0	0	0
4481	0	0	0	0	0	0	0	0	0
4482	0	0	0	0	0	0	0	0	0
4483	0	0	0	0	0	0	0	0	0
4484	0	0	0	0	0	0	0	0	0
4485	0	0	0	0	0	0	0	0	0
4486	0	0	0	0	0	0	0	0	0
4487	0	0	0	0	0	0	0	0	0
4488	0	0	0	0	0	0	0	0	0
4489	0	0	0	0	0	0	0	0	0
4490	0	0	0	0	0	0	0	0	0
4491	0	0	0	0	0	0	0	0	0
4492	0	0	0	0	0	0	0	0	0
4493	0	0	0	0	0	0	0	0	0
4495	0	0	0	0	0	0	0	0	0
4496	0	0	0	0	0	0	0	0	0
4513	0	0	0	0	0	0	0	0	0
4514	0	0	0	0	0	0	0	0	0
4516	0	0	0	0	0	0	0	0	0
4522	0	0	0	0	0	0	0	0	0
4523	0	0	0	0	0	0	0	0	0
4524	0	0	0	0	0	0	0	0	0
4526	0	0	0	0	0	0	0	0	0
4527	0	0	0	0	0	0	0	0	0
4528	0	0	0	0	0	0	0	0	0
4529	0	0	0	0	0	0	0	0	0
4530	0	0	0	0	0	0	0	0	0
4531	0	0	0	0	0	0	0	0	0
4533	0	0	0	0	0	0	0	0	0
4534	0	0	0	0	0	0	0	0	0
4535	0	0	0	0	0	0	0	0	0
4536	0	0	0	0	0	0	0	0	0
4537	0	0	0	0	0	0	0	0	0
4538	0	0	0	0	0	0	0	0	0
4539	0	0	0	0	0	0	0	0	0
4540	0	0	0	0	0	0	0	0	0
4541	0	0	0	0	0	0	0	0	0
4544	0	0	0	0	0	0	0	0	0
4546	0	0	0	0	0	0	0	0	0
4547	0	0	0	0	0	0	0	0	0
4549	0	0	0	0	0	0	0	0	0
4550	0	0	0	0	0	0	0	0	0
4560	0	0	0	0	0	0	0	0	0
4561	0	0	0	0	0	0	0	0	0
4562	0	0	0	0	0	0	0	0	0
4563	0	0	0	0	0	0	0	0	0
4564	0	0	0	0	0	0	0	0	0
4565	0	0	0	0	0	0	0	0	0
4566	0	0	0	0	0	0	0	0	0
4567	0	0	0	0	0	0	0	0	0
4568	0	0	0	0	0	0	0	0	0
4569	0	0	0	0	0	0	0	0	0
4570	0	0	0	0	0	0	0	0	0
4571	0	0	0	0	0	0	0	0	0
4572	0	0	0	0	0	0	0	0	0
4573	0	0	0	0	0	0	0	0	0
4575	0	0	0	0	0	0	0	0	0
4579	0	0	0	0	0	0	0	0	0
4589	0	0	0	0	0	0	0	0	0
4590	0	0	0	0	0	0	0	0	0
4591	0	0	0	0	0	0	0	0	0
4592	0	0	0	0	0	0	0	0	0
4593	0	0	0	0	0	0	0	0	0
4594	0	0	0	0	0	0	0	0	0
4596	0	0	0	0	0	0	0	0	0
4597	0	0	0	0	0	0	0	0	0
4603	0	0	0	0	0	0	0	0	0
4605	0	0	0	0	0	0	0	0	0
4606	0	0	0	0	0	0	0	0	0
4607	0	0	0	0	0	0	0	0	0
4609	0	0	0	0	0	0	0	0	0
4613	0	0	0	0	0	0	0	0	0
4614	0	0	0	0	0	0	0	0	0
4616	0	0	0	0	0	0	0	0	0
4618	0	0	0	0	0	0	0	0	0
4620	0	0	0	0	0	0	0	0	0
4621	0	0	0	0	0	0	0	0	0
4622	0	0	0	0	0	0	0	0	0
4628	0	0	0	0	0	0	0	0	0
4630	0	0	0	0	0	0	0	0	0
4631	0	0	0	0	0	0	0	0	0
4632	0	0	0	0	0	0	0	0	0
4634	0	0	0	0	0	0	0	0	0
4635	0	0	0	0	0	0	0	0	0
4636	0	0	0	0	0	0	0	0	0
4637	0	0	0	0	0	0	0	0	0
4638	0	0	0	0	0	0	0	0	0
4640	0	0	0	0	0	0	0	0	0
4641	0	0	0	0	0	0	0	0	0
4643	0	0	0	0	0	0	0	0	0
4649	0	0	0	0	0	0	0	0	0
4650	0	0	0	0	0	0	0	0	0
4651	0	0	0	0	0	0	0	0	0
4652	0	0	0	0	0	0	0	0	0
4654	0	0	0	0	0	0	0	0	0
4655	0	0	0	0	0	0	0	0	0
4657	0	0	0	0	0	0	0	0	0
4658	0	0	0	0	0	0	0	0	0
4660	0	0	0	0	0	0	0	0	0
4661	0	0	0	0	0	0	0	0	0
4663	0	0	0	0	0	0	0	0	0
4664	0	0	0	0	0	0	0	0	0
4665	0	0	0	0	0	0	0	0	0
4671	0	0	0	0	0	0	0	0	0
4672	0	0	0	0	0	0	0	0	0
4675	0	0	0	0	0	0	0	0	0
4680	0	0	0	0	0	0	0	0	0
4681	0	0	0	0	0	0	0	0	0
4682	0	0	0	0	0	0	0	0	0
4685	0	0	0	0	0	0	0	0	0
4686	0	0	0	0	0	0	0	0	0
4687	0	0	0	0	0	0	0	0	0
4688	0	0	0	0	0	0	0	0	0
4689	0	0	0	0	0	0	0	0	0
4690	0	0	0	0	0	0	0	0	0
4694	0	0	0	0	0	0	0	0	0
4695	0	0	0	0	0	0	0	0	0
4696	0	0	0	0	0	0	0	0	0
4697	0	0	0	0	0	0	0	0	0
4699	0	0	0	0	0	0	0	0	0
4700	0	0	0	0	0	0	0	0	0
4701	0	0	0	0	0	0	0	0	0
4702	0	0	0	0	0	0	0	0	0
4703	0	0	0	0	0	0	0	0	0
4704	0	0	0	0	0	0	0	0	0
4705	0	0	0	0	0	0	0	0	0
4706	0	0	0	0	0	0	0	0	0
4707	0	0	0	0	0	0	0	0	0
4708	0	0	0	0	0	0	0	0	0
4709	0	0	0	0	0	0	0	0	0
4710	0	0	0	0	0	0	0	0	0
4711	0	0	0	0	0	0	0	0	0
4712	0	0	0	0	0	0	0	0	0
4713	0	0	0	0	0	0	0	0	0
4717	0	0	0	0	0	0	0	0	0
4718	0	0	0	0	0	0	0	0	0
4719	0	0	0	0	0	0	0	0	0
4720	0	0	0	0	0	0	0	0	0
4721	0	0	0	0	0	0	0	0	0
4722	0	0	0	0	0	0	0	0	0
4723	0	0	0	0	0	0	0	0	0
4724	0	0	0	0	0	0	0	0	0
4725	0	0	0	0	0	0	0	0	0
4726	0	0	0	0	0	0	0	0	0
4727	0	0	0	0	0	0	0	0	0
4728	0	0	0	0	0	0	0	0	0
4730	0	0	0	0	0	0	0	0	0
4731	0	0	0	0	0	0	0	0	0
4732	0	0	0	0	0	0	0	0	0
4734	0	0	0	0	0	0	0	0	0
4735	0	0	0	0	0	0	0	0	0
4736	0	0	0	0	0	0	0	0	0
4737	0	0	0	0	0	0	0	0	0
4738	0	0	0	0	0	0	0	0	0
4739	0	0	0	0	0	0	0	0	0
4740	0	0	0	0	0	0	0	0	0
4741	0	0	0	0	0	0	0	0	0
4742	0	0	0	0	0	0	0	0	0
4743	0	0	0	0	0	0	0	0	0
4744	0	0	0	0	0	0	0	0	0
4745	0	0	0	0	0	0	0	0	0
4746	0	0	0	0	0	0	0	0	0
4748	0	0	0	0	0	0	0	0	0
4751	0	0	0	0	0	0	0	0	0
4752	0	0	0	0	0	0	0	0	0
4753	0	0	0	0	0	0	0	0	0
4754	0	0	0	0	0	0	0	0	0
4755	0	0	0	0	0	0	0	0	0
4756	0	0	0	0	0	0	0	0	0
4757	0	0	0	0	0	0	0	0	0
4759	0	0	0	0	0	0	0	0	0
4760	0	0	0	0	0	0	0	0	0
4761	0	0	0	0	0	0	0	0	0
4779	0	0	0	0	0	0	0	0	0
4780	0	0	0	0	0	0	0	0	0
4781	0	0	0	0	0	0	0	0	0
4782	0	0	0	0	0	0	0	0	0
4783	0	0	0	0	0	0	0	0	0
4784	0	0	0	0	0	0	0	0	0
4785	0	0	0	0	0	0	0	0	0
4786	0	0	0	0	0	0	0	0	0
4787	0	0	0	0	0	0	0	0	0
4788	0	0	0	0	0	0	0	0	0
4989	0	0	0	0	0	0	0	0	0
4990	0	0	0	0	0	0	0	0	0
4991	0	0	0	0	0	0	0	0	0
4992	0	0	0	0	0	0	0	0	0
4993	0	0	0	0	0	0	0	0	0
4994	0	0	0	0	0	0	0	0	0
4995	0	0	0	0	0	0	0	0	0
4996	0	0	0	0	0	0	0	0	0
4998	0	0	0	0	0	0	0	0	0
4999	0	0	0	0	0	0	0	0	0
5000	0	0	0	0	0	0	0	0	0
5001	0	0	0	0	0	0	0	0	0
5002	0	0	0	0	0	0	0	0	0
5003	0	0	0	0	0	0	0	0	0
5004	0	0	0	0	0	0	0	0	0
5006	0	0	0	0	0	0	0	0	0
5007	0	0	0	0	0	0	0	0	0
5009	0	0	0	0	0	0	0	0	0
5010	0	0	0	0	0	0	0	0	0
5015	0	0	0	0	0	0	0	0	0
5021	0	0	0	0	0	0	0	0	0
5022	0	0	0	0	0	0	0	0	0
5023	0	0	0	0	0	0	0	0	0
5024	0	0	0	0	0	0	0	0	0
5037	0	0	0	0	0	0	0	0	0
5056	0	0	0	0	0	0	0	0	0
5073	0	0	0	0	0	0	0	0	0
5077	0	0	0	0	0	0	0	0	0
5079	0	0	0	0	0	0	0	0	0
5080	0	0	0	0	0	0	0	0	0
5081	0	0	0	0	0	0	0	0	0
5082	0	0	0	0	0	0	0	0	0
5083	0	0	0	0	0	0	0	0	0
5084	0	0	0	0	0	0	0	0	0
5085	0	0	0	0	0	0	0	0	0
5086	0	0	0	0	0	0	0	0	0
5088	0	0	0	0	0	0	0	0	0
5089	0	0	0	0	0	0	0	0	0
5090	0	0	0	0	0	0	0	0	0
5091	0	0	0	0	0	0	0	0	0
5093	0	0	0	0	0	0	0	0	0
5094	0	0	0	0	0	0	0	0	0
5095	0	0	0	0	0	0	0	0	0
5096	0	0	0	0	0	0	0	0	0
5097	0	0	0	0	0	0	0	0	0
5098	0	0	0	0	0	0	0	0	0
5099	0	0	0	0	0	0	0	0	0
5100	0	0	0	0	0	0	0	0	0
5101	0	0	0	0	0	0	0	0	0
5102	0	0	0	0	0	0	0	0	0
5103	0	0	0	0	0	0	0	0	0
5104	0	0	0	0	0	0	0	0	0
5109	0	0	0	0	0	0	0	0	0
5110	0	0	0	0	0	0	0	0	0
5111	0	0	0	0	0	0	0	0	0
5112	0	0	0	0	0	0	0	0	0
5120	0	0	0	0	0	0	0	0	0
5113	0	0	0	0	0	0	0	0	0
5114	0	0	0	0	0	0	0	0	0
5115	0	0	0	0	0	0	0	0	0
5116	0	0	0	0	0	0	0	0	0
5117	0	0	0	0	0	0	0	0	0
5118	0	0	0	0	0	0	0	0	0
5119	0	0	0	0	0	0	0	0	0
5121	0	0	0	0	0	0	0	0	0
5122	0	0	0	0	0	0	0	0	0
5123	0	0	0	0	0	0	0	0	0
5125	0	0	0	0	0	0	0	0	0
5126	0	0	0	0	0	0	0	0	0
5127	0	0	0	0	0	0	0	0	0
5128	0	0	0	0	0	0	0	0	0
5129	0	0	0	0	0	0	0	0	0
5130	0	0	0	0	0	0	0	0	0
5131	0	0	0	0	0	0	0	0	0
5132	0	0	0	0	0	0	0	0	0
5133	0	0	0	0	0	0	0	0	0
5134	0	0	0	0	0	0	0	0	0
5135	0	0	0	0	0	0	0	0	0
5136	0	0	0	0	0	0	0	0	0
5137	0	0	0	0	0	0	0	0	0
5138	0	0	0	0	0	0	0	0	0
5139	0	0	0	0	0	0	0	0	0
5140	0	0	0	0	0	0	0	0	0
5141	0	0	0	0	0	0	0	0	0
5142	0	0	0	0	0	0	0	0	0
5143	0	0	0	0	0	0	0	0	0
5184	0	0	0	0	0	0	0	0	0
5186	0	0	0	0	0	0	0	0	0
5187	0	0	0	0	0	0	0	0	0
5188	0	0	0	0	0	0	0	0	0
5189	0	0	0	0	0	0	0	0	0
5190	0	0	0	0	0	0	0	0	0
5191	0	0	0	0	0	0	0	0	0
5192	0	0	0	0	0	0	0	0	0
5193	0	0	0	0	0	0	0	0	0
5194	0	0	0	0	0	0	0	0	0
5195	0	0	0	0	0	0	0	0	0
5196	0	0	0	0	0	0	0	0	0
5197	0	0	0	0	0	0	0	0	0
5198	0	0	0	0	0	0	0	0	0
5199	0	0	0	0	0	0	0	0	0
5200	0	0	0	0	0	0	0	0	0
5201	0	0	0	0	0	0	0	0	0
5202	0	0	0	0	0	0	0	0	0
5203	0	0	0	0	0	0	0	0	0
5204	0	0	0	0	0	0	0	0	0
5205	0	0	0	0	0	0	0	0	0
5206	0	0	0	0	0	0	0	0	0
5207	0	0	0	0	0	0	0	0	0
5208	0	0	0	0	0	0	0	0	0
5209	0	0	0	0	0	0	0	0	0
5210	0	0	0	0	0	0	0	0	0
5211	0	0	0	0	0	0	0	0	0
5212	0	0	0	0	0	0	0	0	0
5213	0	0	0	0	0	0	0	0	0
5214	0	0	0	0	0	0	0	0	0
5215	0	0	0	0	0	0	0	0	0
5216	0	0	0	0	0	0	0	0	0
5217	0	0	0	0	0	0	0	0	0
5218	0	0	0	0	0	0	0	0	0
5219	0	0	0	0	0	0	0	0	0
5220	0	0	0	0	0	0	0	0	0
7005	0	0	0	0	0	0	0	0	0
20000	0	0	0	0	0	0	0	0	0
20001	0	0	0	0	0	0	0	0	0
20002	0	0	0	0	0	0	0	0	0
7041	0	0	0	0	0	0	0	0	0
7042	0	0	0	0	0	0	0	0	0
7043	0	0	0	0	0	0	0	0	0
7044	0	0	0	0	0	0	0	0	0
7045	0	0	0	0	0	0	0	0	0
7046	0	0	0	0	0	0	0	0	0
7047	0	0	0	0	0	0	0	0	0
7048	0	0	0	0	0	0	0	0	0
7049	0	0	0	0	0	0	0	0	0
7050	0	0	0	0	0	0	0	0	0
7051	0	0	0	0	0	0	0	0	0
7052	0	0	0	0	0	0	0	0	0
7053	0	0	0	0	0	0	0	0	0
7054	0	0	0	0	0	0	0	0	0
7055	0	0	0	0	0	0	0	0	0
7056	0	0	0	0	0	0	0	0	0
7057	0	0	0	0	0	0	0	0	0
7058	0	0	0	0	0	0	0	0	0
7059	0	0	0	0	0	0	0	0	0
7060	0	0	0	0	0	0	0	0	0
7061	0	0	0	0	0	0	0	0	0
7062	0	0	0	0	0	0	0	0	0
7063	0	0	0	0	0	0	0	0	0
7064	0	0	0	0	0	0	0	0	0
3263	0	0	0	0	0	0	0	0	0
3264	0	0	0	0	0	0	0	0	0
3265	0	0	0	0	0	0	0	0	0
3266	0	0	0	0	0	0	0	0	0
1431	0	0	0	0	0	0	0	0	0
468	0	0	0	0	0	0	0	0	0
1432	0	0	0	0	0	0	0	0	0
469	0	0	0	0	0	0	0	0	0
470	0	0	0	0	0	0	0	0	0
471	0	0	0	0	0	0	0	0	0
476	0	0	0	0	0	0	0	0	0
477	0	0	0	0	0	0	0	0	0
478	0	0	0	0	0	0	0	0	0
1433	0	0	0	0	0	0	0	0	0
1434	0	0	0	0	0	0	0	0	0
482	0	0	0	0	0	0	0	0	0
483	0	0	0	0	0	0	0	0	0
484	0	0	0	0	0	0	0	0	0
485	0	0	0	0	0	0	0	0	0
487	0	0	0	0	0	0	0	0	0
489	0	0	0	0	0	0	0	0	0
490	0	0	0	0	0	0	0	0	0
1435	0	0	0	0	0	0	0	0	0
491	0	0	0	0	0	0	0	0	0
492	0	0	0	0	0	0	0	0	0
493	0	0	0	0	0	0	0	0	0
494	0	0	0	0	0	0	0	0	0
495	0	0	0	0	0	0	0	0	0
496	0	0	0	0	0	0	0	0	0
497	0	0	0	0	0	0	0	0	0
498	0	0	0	0	0	0	0	0	0
499	0	0	0	0	0	0	0	0	0
501	0	0	0	0	0	0	0	0	0
502	0	0	0	0	0	0	0	0	0
503	0	0	0	0	0	0	0	0	0
504	0	0	0	0	0	0	0	0	0
505	0	0	0	0	0	0	0	0	0
506	0	0	0	0	0	0	0	0	0
1436	0	0	0	0	0	0	0	0	0
1437	0	0	0	0	0	0	0	0	0
1438	0	0	0	0	0	0	0	0	0
1439	0	0	0	0	0	0	0	0	0
1440	0	0	0	0	0	0	0	0	0
1441	0	0	0	0	0	0	0	0	0
1442	0	0	0	0	0	0	0	0	0
1443	0	0	0	0	0	0	0	0	0
1444	0	0	0	0	0	0	0	0	0
1445	0	0	0	0	0	0	0	0	0
1448	0	0	0	0	0	0	0	0	0
1449	0	0	0	0	0	0	0	0	0
507	0	0	0	0	0	0	0	0	0
508	0	0	0	0	0	0	0	0	0
509	0	0	0	0	0	0	0	0	0
510	0	0	0	0	0	0	0	0	0
511	0	0	0	0	0	0	0	0	0
512	0	0	0	0	0	0	0	0	0
513	0	0	0	0	0	0	0	0	0
514	0	0	0	0	0	0	0	0	0
515	0	0	0	0	0	0	0	0	0
516	0	0	0	0	0	0	0	0	0
517	0	0	0	0	0	0	0	0	0
518	0	0	0	0	0	0	0	0	0
519	0	0	0	0	0	0	0	0	0
520	0	0	0	0	0	0	0	0	0
521	0	0	0	0	0	0	0	0	0
522	0	0	0	0	0	0	0	0	0
523	0	0	0	0	0	0	0	0	0
524	0	0	0	0	0	0	0	0	0
525	0	0	0	0	0	0	0	0	0
1450	0	0	0	0	0	0	0	0	0
526	0	0	0	0	0	0	0	0	0
527	0	0	0	0	0	0	0	0	0
528	0	0	0	0	0	0	0	0	0
529	0	0	0	0	0	0	0	0	0
530	0	0	0	0	0	0	0	0	0
531	0	0	0	0	0	0	0	0	0
532	0	0	0	0	0	0	0	0	0
533	0	0	0	0	0	0	0	0	0
534	0	0	0	0	0	0	0	0	0
535	0	0	0	0	0	0	0	0	0
536	0	0	0	0	0	0	0	0	0
537	0	0	0	0	0	0	0	0	0
1451	0	0	0	0	0	0	0	0	0
1452	0	0	0	0	0	0	0	0	0
1453	0	0	0	0	0	0	0	0	0
1454	0	0	0	0	0	0	0	0	0
1455	0	0	0	0	0	0	0	0	0
1456	0	0	0	0	0	0	0	0	0
1457	0	0	0	0	0	0	0	0	0
1458	0	0	0	0	0	0	0	0	0
1459	0	0	0	0	0	0	0	0	0
1460	0	0	0	0	0	0	0	0	0
1461	0	0	0	0	0	0	0	0	0
1462	0	0	0	0	0	0	0	0	0
1463	0	0	0	0	0	0	0	0	0
1464	0	0	0	0	0	0	0	0	0
1465	0	0	0	0	0	0	0	0	0
1466	0	0	0	0	0	0	0	0	0
1467	0	0	0	0	0	0	0	0	0
1468	0	0	0	0	0	0	0	0	0
1469	0	0	0	0	0	0	0	0	0
1470	0	0	0	0	0	0	0	0	0
538	0	0	0	0	0	0	0	0	0
539	0	0	0	0	0	0	0	0	0
540	0	0	0	0	0	0	0	0	0
1471	0	0	0	0	0	0	0	0	0
1472	0	0	0	0	0	0	0	0	0
541	0	0	0	0	0	0	0	0	0
544	0	0	0	0	0	0	0	0	0
547	0	0	0	0	0	0	0	0	0
550	0	0	0	0	0	0	0	0	0
553	0	0	0	0	0	0	0	0	0
556	0	0	0	0	0	0	0	0	0
559	0	0	0	0	0	0	0	0	0
560	0	0	0	0	0	0	0	0	0
561	0	0	0	0	0	0	0	0	0
562	0	0	0	0	0	0	0	0	0
563	0	0	0	0	0	0	0	0	0
564	0	0	0	0	0	0	0	0	0
565	0	0	0	0	0	0	0	0	0
567	0	0	0	0	0	0	0	0	0
568	0	0	0	0	0	0	0	0	0
569	0	0	0	0	0	0	0	0	0
570	0	0	0	0	0	0	0	0	0
571	0	0	0	0	0	0	0	0	0
572	0	0	0	0	0	0	0	0	0
573	0	0	0	0	0	0	0	0	0
574	0	0	0	0	0	0	0	0	0
575	0	0	0	0	0	0	0	0	0
576	0	0	0	0	0	0	0	0	0
577	0	0	0	0	0	0	0	0	0
578	0	0	0	0	0	0	0	0	0
579	0	0	0	0	0	0	0	0	0
580	0	0	0	0	0	0	0	0	0
581	0	0	0	0	0	0	0	0	0
582	0	0	0	0	0	0	0	0	0
583	0	0	0	0	0	0	0	0	0
584	0	0	0	0	0	0	0	0	0
585	0	0	0	0	0	0	0	0	0
586	0	0	0	0	0	0	0	0	0
587	0	0	0	0	0	0	0	0	0
588	0	0	0	0	0	0	0	0	0
589	0	0	0	0	0	0	0	0	0
1473	0	0	0	0	0	0	0	0	0
617	0	0	0	0	0	0	0	0	0
618	0	0	0	0	0	0	0	0	0
619	0	0	0	0	0	0	0	0	0
620	0	0	0	0	0	0	0	0	0
1475	0	0	0	0	0	0	0	0	0
1476	0	0	0	0	0	0	0	0	0
1477	0	0	0	0	0	0	0	0	0
1478	0	0	0	0	0	0	0	0	0
1479	0	0	0	0	0	0	0	0	0
1480	0	0	0	0	0	0	0	0	0
1481	0	0	0	0	0	0	0	0	0
1482	0	0	0	0	0	0	0	0	0
1483	0	0	0	0	0	0	0	0	0
1484	0	0	0	0	0	0	0	0	0
1485	0	0	0	0	0	0	0	0	0
1486	0	0	0	0	0	0	0	0	0
1487	0	0	0	0	0	0	0	0	0
1488	0	0	0	0	0	0	0	0	0
1446	0	0	0	0	0	0	0	0	0
1447	0	0	0	0	0	0	0	0	0
621	0	0	0	0	0	0	0	0	0
622	0	0	0	0	0	0	0	0	0
625	0	0	0	0	0	0	0	0	0
5224	0	0	0	0	0	0	0	0	0
5225	0	0	0	0	0	0	0	0	0
5226	0	0	0	0	0	0	0	0	0
5227	0	0	0	0	0	0	0	0	0
5228	0	0	0	0	0	0	0	0	0
5229	0	0	0	0	0	0	0	0	0
5230	0	0	0	0	0	0	0	0	0
5231	0	0	0	0	0	0	0	0	0
5232	0	0	0	0	0	0	0	0	0
5233	0	0	0	0	0	0	0	0	0
5234	0	0	0	0	0	0	0	0	0
5235	0	0	0	0	0	0	0	0	0
5236	0	0	0	0	0	0	0	0	0
5237	0	0	0	0	0	0	0	0	0
5238	0	0	0	0	0	0	0	0	0
5239	0	0	0	0	0	0	0	0	0
5240	0	0	0	0	0	0	0	0	0
5242	0	0	0	0	0	0	0	0	0
5243	0	0	0	0	0	0	0	0	0
5244	0	0	0	0	0	0	0	0	0
5245	0	0	0	0	0	0	0	0	0
5246	0	0	0	0	0	0	0	0	0
5247	0	0	0	0	0	0	0	0	0
5248	0	0	0	0	0	0	0	0	0
5249	0	0	0	0	0	0	0	0	0
5250	0	0	0	0	0	0	0	0	0
5251	0	0	0	0	0	0	0	0	0
5252	0	0	0	0	0	0	0	0	0
5253	0	0	0	0	0	0	0	0	0
5254	0	0	0	0	0	0	0	0	0
5255	0	0	0	0	0	0	0	0	0
5256	0	0	0	0	0	0	0	0	0
5257	0	0	0	0	0	0	0	0	0
5258	0	0	0	0	0	0	0	0	0
5259	0	0	0	0	0	0	0	0	0
5260	0	0	0	0	0	0	0	0	0
5261	0	0	0	0	0	0	0	0	0
5262	0	0	0	0	0	0	0	0	0
5263	0	0	0	0	0	0	0	0	0
5264	0	0	0	0	0	0	0	0	0
5265	0	0	0	0	0	0	0	0	0
5266	0	0	0	0	0	0	0	0	0
5267	0	0	0	0	0	0	0	0	0
5268	0	0	0	0	0	0	0	0	0
5269	0	0	0	0	0	0	0	0	0
5270	0	0	0	0	0	0	0	0	0
5271	0	0	0	0	0	0	0	0	0
5272	0	0	0	0	0	0	0	0	0
5273	0	0	0	0	0	0	0	0	0
5274	0	0	0	0	0	0	0	0	0
5275	0	0	0	0	0	0	0	0	0
5276	0	0	0	0	0	0	0	0	0
5277	0	0	0	0	0	0	0	0	0
5278	0	0	0	0	0	0	0	0	0
5279	0	0	0	0	0	0	0	0	0
5280	0	0	0	0	0	0	0	0	0
5281	0	0	0	0	0	0	0	0	0
5282	0	0	0	0	0	0	0	0	0
5283	0	0	0	0	0	0	0	0	0
5284	0	0	0	0	0	0	0	0	0
5285	0	0	0	0	0	0	0	0	0
5286	0	0	0	0	0	0	0	0	0
5287	0	0	0	0	0	0	0	0	0
5288	0	0	0	0	0	0	0	0	0
5289	0	0	0	0	0	0	0	0	0
5290	0	0	0	0	0	0	0	0	0
5291	0	0	0	0	0	0	0	0	0
5292	0	0	0	0	0	0	0	0	0
5293	0	0	0	0	0	0	0	0	0
5294	0	0	0	0	0	0	0	0	0
5295	0	0	0	0	0	0	0	0	0
5296	0	0	0	0	0	0	0	0	0
5297	0	0	0	0	0	0	0	0	0
5298	0	0	0	0	0	0	0	0	0
5299	0	0	0	0	0	0	0	0	0
5300	0	0	0	0	0	0	0	0	0
5301	0	0	0	0	0	0	0	0	0
5302	0	0	0	0	0	0	0	0	0
5303	0	0	0	0	0	0	0	0	0
5304	0	0	0	0	0	0	0	0	0
5305	0	0	0	0	0	0	0	0	0
5306	0	0	0	0	0	0	0	0	0
5307	0	0	0	0	0	0	0	0	0
5308	0	0	0	0	0	0	0	0	0
5309	0	0	0	0	0	0	0	0	0
5310	0	0	0	0	0	0	0	0	0
5311	0	0	0	0	0	0	0	0	0
5312	0	0	0	0	0	0	0	0	0
5313	0	0	0	0	0	0	0	0	0
5314	0	0	0	0	0	0	0	0	0
5315	0	0	0	0	0	0	0	0	0
5316	0	0	0	0	0	0	0	0	0
5317	0	0	0	0	0	0	0	0	0
5318	0	0	0	0	0	0	0	0	0
5319	0	0	0	0	0	0	0	0	0
5320	0	0	0	0	0	0	0	0	0
5321	0	0	0	0	0	0	0	0	0
5322	0	0	0	0	0	0	0	0	0
5323	0	0	0	0	0	0	0	0	0
5324	0	0	0	0	0	0	0	0	0
5325	0	0	0	0	0	0	0	0	0
5326	0	0	0	0	0	0	0	0	0
5327	0	0	0	0	0	0	0	0	0
5328	0	0	0	0	0	0	0	0	0
5329	0	0	0	0	0	0	0	0	0
5330	0	0	0	0	0	0	0	0	0
5331	0	0	0	0	0	0	0	0	0
5332	0	0	0	0	0	0	0	0	0
5333	0	0	0	0	0	0	0	0	0
5334	0	0	0	0	0	0	0	0	0
5335	0	0	0	0	0	0	0	0	0
5336	0	0	0	0	0	0	0	0	0
5337	0	0	0	0	0	0	0	0	0
5338	0	0	0	0	0	0	0	0	0
5339	0	0	0	0	0	0	0	0	0
5340	0	0	0	0	0	0	0	0	0
5341	0	0	0	0	0	0	0	0	0
5342	0	0	0	0	0	0	0	0	0
5343	0	0	0	0	0	0	0	0	0
5344	0	0	0	0	0	0	0	0	0
5345	0	0	0	0	0	0	0	0	0
5346	0	0	0	0	0	0	0	0	0
5347	0	0	0	0	0	0	0	0	0
5348	0	0	0	0	0	0	0	0	0
5349	0	0	0	0	0	0	0	0	0
5350	0	0	0	0	0	0	0	0	0
5351	0	0	0	0	0	0	0	0	0
5352	0	0	0	0	0	0	0	0	0
5353	0	0	0	0	0	0	0	0	0
5354	0	0	0	0	0	0	0	0	0
5355	0	0	0	0	0	0	0	0	0
5356	0	0	0	0	0	0	0	0	0
5357	0	0	0	0	0	0	0	0	0
5358	0	0	0	0	0	0	0	0	0
5359	0	0	0	0	0	0	0	0	0
5360	0	0	0	0	0	0	0	0	0
5361	0	0	0	0	0	0	0	0	0
5362	0	0	0	0	0	0	0	0	0
5363	0	0	0	0	0	0	0	0	0
5364	0	0	0	0	0	0	0	0	0
5365	0	0	0	0	0	0	0	0	0
5366	0	0	0	0	0	0	0	0	0
5367	0	0	0	0	0	0	0	0	0
5368	0	0	0	0	0	0	0	0	0
5369	0	0	0	0	0	0	0	0	0
5370	0	0	0	0	0	0	0	0	0
5371	0	0	0	0	0	0	0	0	0
5372	0	0	0	0	0	0	0	0	0
5373	0	0	0	0	0	0	0	0	0
5374	0	0	0	0	0	0	0	0	0
5375	0	0	0	0	0	0	0	0	0
5376	0	0	0	0	0	0	0	0	0
5377	0	0	0	0	0	0	0	0	0
5378	0	0	0	0	0	0	0	0	0
5379	0	0	0	0	0	0	0	0	0
5380	0	0	0	0	0	0	0	0	0
5381	0	0	0	0	0	0	0	0	0
5382	0	0	0	0	0	0	0	0	0
5383	0	0	0	0	0	0	0	0	0
5384	0	0	0	0	0	0	0	0	0
5385	0	0	0	0	0	0	0	0	0
5386	0	0	0	0	0	0	0	0	0
5387	0	0	0	0	0	0	0	0	0
5388	0	0	0	0	0	0	0	0	0
5389	0	0	0	0	0	0	0	0	0
5390	0	0	0	0	0	0	0	0	0
5391	0	0	0	0	0	0	0	0	0
5392	0	0	0	0	0	0	0	0	0
5393	0	0	0	0	0	0	0	0	0
5394	0	0	0	0	0	0	0	0	0
5395	0	0	0	0	0	0	0	0	0
5396	0	0	0	0	0	0	0	0	0
5397	0	0	0	0	0	0	0	0	0
5398	0	0	0	0	0	0	0	0	0
5399	0	0	0	0	0	0	0	0	0
5400	0	0	0	0	0	0	0	0	0
5401	0	0	0	0	0	0	0	0	0
5402	0	0	0	0	0	0	0	0	0
5403	0	0	0	0	0	0	0	0	0
5404	0	0	0	0	0	0	0	0	0
5405	0	0	0	0	0	0	0	0	0
5407	0	0	0	0	0	0	0	0	0
5408	0	0	0	0	0	0	0	0	0
5409	0	0	0	0	0	0	0	0	0
5410	0	0	0	0	0	0	0	0	0
5411	0	0	0	0	0	0	0	0	0
5412	0	0	0	0	0	0	0	0	0
5413	0	0	0	0	0	0	0	0	0
5414	0	0	0	0	0	0	0	0	0
5415	0	0	0	0	0	0	0	0	0
5416	0	0	0	0	0	0	0	0	0
5417	0	0	0	0	0	0	0	0	0
5418	0	0	0	0	0	0	0	0	0
5419	0	0	0	0	0	0	0	0	0
5420	0	0	0	0	0	0	0	0	0
5421	0	0	0	0	0	0	0	0	0
5422	0	0	0	0	0	0	0	0	0
5423	0	0	0	0	0	0	0	0	0
5424	0	0	0	0	0	0	0	0	0
5425	0	0	0	0	0	0	0	0	0
5426	0	0	0	0	0	0	0	0	0
5427	0	0	0	0	0	0	0	0	0
5428	0	0	0	0	0	0	0	0	0
5429	0	0	0	0	0	0	0	0	0
5430	0	0	0	0	0	0	0	0	0
5431	0	0	0	0	0	0	0	0	0
5433	0	0	0	0	0	0	0	0	0
5434	0	0	0	0	0	0	0	0	0
5435	0	0	0	0	0	0	0	0	0
5436	0	0	0	0	0	0	0	0	0
5438	0	0	0	0	0	0	0	0	0
5440	0	0	0	0	0	0	0	0	0
5441	0	0	0	0	0	0	0	0	0
5442	0	0	0	0	0	0	0	0	0
5443	0	0	0	0	0	0	0	0	0
5444	0	0	0	0	0	0	0	0	0
5445	0	0	0	0	0	0	0	0	0
5447	0	0	0	0	0	0	0	0	0
5448	0	0	0	0	0	0	0	0	0
5449	0	0	0	0	0	0	0	0	0
5450	0	0	0	0	0	0	0	0	0
5451	0	0	0	0	0	0	0	0	0
5452	0	0	0	0	0	0	0	0	0
5453	0	0	0	0	0	0	0	0	0
5461	0	0	0	0	0	0	0	0	0
5468	0	0	0	0	0	0	0	0	0
5480	0	0	0	0	0	0	0	0	0
5481	0	0	0	0	0	0	0	0	0
5482	0	0	0	0	0	0	0	0	0
5483	0	0	0	0	0	0	0	0	0
5484	0	0	0	0	0	0	0	0	0
5485	0	0	0	0	0	0	0	0	0
5486	0	0	0	0	0	0	0	0	0
5487	0	0	0	0	0	0	0	0	0
5488	0	0	0	0	0	0	0	0	0
5489	0	0	0	0	0	0	0	0	0
5492	0	0	0	0	0	0	0	0	0
5493	0	0	0	0	0	0	0	0	0
3267	0	0	0	0	0	0	0	0	0
3268	0	0	0	0	0	0	0	0	0
3269	0	0	0	0	0	0	0	0	0
3270	0	0	0	0	0	0	0	0	0
3271	0	0	0	0	0	0	0	0	0
3272	0	0	0	0	0	0	0	0	0
3273	0	0	0	0	0	0	0	0	0
3274	0	0	0	0	0	0	0	0	0
3275	0	0	0	0	0	0	0	0	0
3276	0	0	0	0	0	0	0	0	0
3277	0	0	0	0	0	0	0	0	0
3278	0	0	0	0	0	0	0	0	0
3279	0	0	0	0	0	0	0	0	0
3280	0	0	0	0	0	0	0	0	0
3281	0	0	0	0	0	0	0	0	0
3282	0	0	0	0	0	0	0	0	0
3283	0	0	0	0	0	0	0	0	0
3284	0	0	0	0	0	0	0	0	0
3285	0	0	0	0	0	0	0	0	0
3286	0	0	0	0	0	0	0	0	0
3287	0	0	0	0	0	0	0	0	0
3288	0	0	0	0	0	0	0	0	0
3289	0	0	0	0	0	0	0	0	0
3290	0	0	0	0	0	0	0	0	0
3291	0	0	0	0	0	0	0	0	0
3292	0	0	0	0	0	0	0	0	0
3318	0	0	0	0	0	0	0	0	0
3321	0	0	0	0	0	0	0	0	0
3328	0	0	0	0	0	0	0	0	0
3329	0	0	0	0	0	0	0	0	0
3330	0	0	0	0	0	0	0	0	0
3331	0	0	0	0	0	0	0	0	0
3332	0	0	0	0	0	0	0	0	0
3333	0	0	0	0	0	0	0	0	0
3334	0	0	0	0	0	0	0	0	0
3335	0	0	0	0	0	0	0	0	0
3336	0	0	0	0	0	0	0	0	0
3337	0	0	0	0	0	0	0	0	0
3359	0	0	0	0	0	0	0	0	0
3408	0	0	0	0	0	0	0	0	0
3409	0	0	0	0	0	0	0	0	0
3410	0	0	0	0	0	0	0	0	0
2335	0	0	0	0	0	0	0	0	0
2336	0	0	0	0	0	0	0	0	0
2337	0	0	0	0	0	0	0	0	0
2338	0	0	0	0	0	0	0	0	0
2339	0	0	0	0	0	0	0	0	0
2340	0	0	0	0	0	0	0	0	0
2341	0	0	0	0	0	0	0	0	0
2342	0	0	0	0	0	0	0	0	0
2343	0	0	0	0	0	0	0	0	0
2344	0	0	0	0	0	0	0	0	0
2345	0	0	0	0	0	0	0	0	0
2346	0	0	0	0	0	0	0	0	0
2347	0	0	0	0	0	0	0	0	0
2348	0	0	0	0	0	0	0	0	0
2349	0	0	0	0	0	0	0	0	0
2350	0	0	0	0	0	0	0	0	0
2351	0	0	0	0	0	0	0	0	0
2352	0	0	0	0	0	0	0	0	0
2353	0	0	0	0	0	0	0	0	0
2354	0	0	0	0	0	0	0	0	0
2355	0	0	0	0	0	0	0	0	0
2356	0	0	0	0	0	0	0	0	0
2357	0	0	0	0	0	0	0	0	0
2358	0	0	0	0	0	0	0	0	0
2359	0	0	0	0	0	0	0	0	0
2360	0	0	0	0	0	0	0	0	0
2363	0	0	0	0	0	0	0	0	0
2364	0	0	0	0	0	0	0	0	0
2365	0	0	0	0	0	0	0	0	0
2366	0	0	0	0	0	0	0	0	0
2367	0	0	0	0	0	0	0	0	0
2368	0	0	0	0	0	0	0	0	0
2369	0	0	0	0	0	0	0	0	0
2379	0	0	0	0	0	0	0	0	0
2390	0	0	0	0	0	0	0	0	0
2392	0	0	0	0	0	0	0	0	0
2393	0	0	0	0	0	0	0	0	0
2395	0	0	0	0	0	0	0	0	0
2396	0	0	0	0	0	0	0	0	0
2397	0	0	0	0	0	0	0	0	0
2398	0	0	0	0	0	0	0	0	0
2399	0	0	0	0	0	0	0	0	0
2400	0	0	0	0	0	0	0	0	0
2401	0	0	0	0	0	0	0	0	0
2402	0	0	0	0	0	0	0	0	0
2403	0	0	0	0	0	0	0	0	0
2404	0	0	0	0	0	0	0	0	0
2414	0	0	0	0	0	0	0	0	0
627	0	0	0	0	0	0	0	0	0
628	0	0	0	0	0	0	0	0	0
629	0	0	0	0	0	0	0	0	0
630	0	0	0	0	0	0	0	0	0
2428	0	0	0	0	0	0	0	0	0
3426	0	0	0	0	0	0	0	0	0
5495	0	0	0	0	0	0	0	0	0
5496	0	0	0	0	0	0	0	0	0
5497	0	0	0	0	0	0	0	0	0
5498	0	0	0	0	0	0	0	0	0
5499	0	0	0	0	0	0	0	0	0
5500	0	0	0	0	0	0	0	0	0
5501	0	0	0	0	0	0	0	0	0
5502	0	0	0	0	0	0	0	0	0
5503	0	0	0	0	0	0	0	0	0
5505	0	0	0	0	0	0	0	0	0
5506	0	0	0	0	0	0	0	0	0
5507	0	0	0	0	0	0	0	0	0
5508	0	0	0	0	0	0	0	0	0
5509	0	0	0	0	0	0	0	0	0
5510	0	0	0	0	0	0	0	0	0
5511	0	0	0	0	0	0	0	0	0
5512	0	0	0	0	0	0	0	0	0
5513	0	0	0	0	0	0	0	0	0
5514	0	0	0	0	0	0	0	0	0
5515	0	0	0	0	0	0	0	0	0
5516	0	0	0	0	0	0	0	0	0
5517	0	0	0	0	0	0	0	0	0
5522	0	0	0	0	0	0	0	0	0
5523	0	0	0	0	0	0	0	0	0
5528	0	0	0	0	0	0	0	0	0
5529	0	0	0	0	0	0	0	0	0
5530	0	0	0	0	0	0	0	0	0
5531	0	0	0	0	0	0	0	0	0
5532	0	0	0	0	0	0	0	0	0
5533	0	0	0	0	0	0	0	0	0
5535	0	0	0	0	0	0	0	0	0
5536	0	0	0	0	0	0	0	0	0
5537	0	0	0	0	0	0	0	0	0
5538	0	0	0	0	0	0	0	0	0
5539	0	0	0	0	0	0	0	0	0
5540	0	0	0	0	0	0	0	0	0
5541	0	0	0	0	0	0	0	0	0
5542	0	0	0	0	0	0	0	0	0
5543	0	0	0	0	0	0	0	0	0
5544	0	0	0	0	0	0	0	0	0
5545	0	0	0	0	0	0	0	0	0
5546	0	0	0	0	0	0	0	0	0
5547	0	0	0	0	0	0	0	0	0
631	0	0	0	0	0	0	0	0	0
650	0	0	0	0	0	0	0	0	0
1489	0	0	0	0	0	0	0	0	0
656	0	0	0	0	0	0	0	0	0
657	0	0	0	0	0	0	0	0	0
658	0	0	0	0	0	0	0	0	0
659	0	0	0	0	0	0	0	0	0
660	0	0	0	0	0	0	0	0	0
661	0	0	0	0	0	0	0	0	0
662	0	0	0	0	0	0	0	0	0
663	0	0	0	0	0	0	0	0	0
664	0	0	0	0	0	0	0	0	0
665	0	0	0	0	0	0	0	0	0
666	0	0	0	0	0	0	0	0	0
667	0	0	0	0	0	0	0	0	0
668	0	0	0	0	0	0	0	0	0
669	0	0	0	0	0	0	0	0	0
670	0	0	0	0	0	0	0	0	0
671	0	0	0	0	0	0	0	0	0
672	0	0	0	0	0	0	0	0	0
673	0	0	0	0	0	0	0	0	0
674	0	0	0	0	0	0	0	0	0
675	0	0	0	0	0	0	0	0	0
676	0	0	0	0	0	0	0	0	0
677	0	0	0	0	0	0	0	0	0
678	0	0	0	0	0	0	0	0	0
679	0	0	0	0	0	0	0	0	0
680	0	0	0	0	0	0	0	0	0
681	0	0	0	0	0	0	0	0	0
682	0	0	0	0	0	0	0	0	0
683	0	0	0	0	0	0	0	0	0
684	0	0	0	0	0	0	0	0	0
685	0	0	0	0	0	0	0	0	0
686	0	0	0	0	0	0	0	0	0
687	0	0	0	0	0	0	0	0	0
688	0	0	0	0	0	0	0	0	0
689	0	0	0	0	0	0	0	0	0
690	0	0	0	0	0	0	0	0	0
691	0	0	0	0	0	0	0	0	0
692	0	0	0	0	0	0	0	0	0
693	0	0	0	0	0	0	0	0	0
694	0	0	0	0	0	0	0	0	0
695	0	0	0	0	0	0	0	0	0
696	0	0	0	0	0	0	0	0	0
697	0	0	0	0	0	0	0	0	0
698	0	0	0	0	0	0	0	0	0
699	0	0	0	0	0	0	0	0	0
700	0	0	0	0	0	0	0	0	0
701	0	0	0	0	0	0	0	0	0
702	0	0	0	0	0	0	0	0	0
703	0	0	0	0	0	0	0	0	0
704	0	0	0	0	0	0	0	0	0
705	0	0	0	0	0	0	0	0	0
706	0	0	0	0	0	0	0	0	0
707	0	0	0	0	0	0	0	0	0
708	0	0	0	0	0	0	0	0	0
709	0	0	0	0	0	0	0	0	0
710	0	0	0	0	0	0	0	0	0
711	0	0	0	0	0	0	0	0	0
712	0	0	0	0	0	0	0	0	0
713	0	0	0	0	0	0	0	0	0
714	0	0	0	0	0	0	0	0	0
715	0	0	0	0	0	0	0	0	0
716	0	0	0	0	0	0	0	0	0
717	0	0	0	0	0	0	0	0	0
718	0	0	0	0	0	0	0	0	0
719	0	0	0	0	0	0	0	0	0
720	0	0	0	0	0	0	0	0	0
721	0	0	0	0	0	0	0	0	0
722	0	0	0	0	0	0	0	0	0
723	0	0	0	0	0	0	0	0	0
724	0	0	0	0	0	0	0	0	0
725	0	0	0	0	0	0	0	0	0
726	0	0	0	0	0	0	0	0	0
727	0	0	0	0	0	0	0	0	0
728	0	0	0	0	0	0	0	0	0
729	0	0	0	0	0	0	0	0	0
730	0	0	0	0	0	0	0	0	0
731	0	0	0	0	0	0	0	0	0
732	0	0	0	0	0	0	0	0	0
733	0	0	0	0	0	0	0	0	0
734	0	0	0	0	0	0	0	0	0
735	0	0	0	0	0	0	0	0	0
736	0	0	0	0	0	0	0	0	0
737	0	0	0	0	0	0	0	0	0
738	0	0	0	0	0	0	0	0	0
739	0	0	0	0	0	0	0	0	0
740	0	0	0	0	0	0	0	0	0
741	0	0	0	0	0	0	0	0	0
742	0	0	0	0	0	0	0	0	0
743	0	0	0	0	0	0	0	0	0
744	0	0	0	0	0	0	0	0	0
745	0	0	0	0	0	0	0	0	0
746	0	0	0	0	0	0	0	0	0
747	0	0	0	0	0	0	0	0	0
748	0	0	0	0	0	0	0	0	0
749	0	0	0	0	0	0	0	0	0
750	0	0	0	0	0	0	0	0	0
751	0	0	0	0	0	0	0	0	0
752	0	0	0	0	0	0	0	0	0
753	0	0	0	0	0	0	0	0	0
754	0	0	0	0	0	0	0	0	0
760	0	0	0	0	0	0	0	0	0
761	0	0	0	0	0	0	0	0	0
762	0	0	0	0	0	0	0	0	0
763	0	0	0	0	0	0	0	0	0
764	0	0	0	0	0	0	0	0	0
765	0	0	0	0	0	0	0	0	0
766	0	0	0	0	0	0	0	0	0
767	0	0	0	0	0	0	0	0	0
768	0	0	0	0	0	0	0	0	0
769	0	0	0	0	0	0	0	0	0
770	0	0	0	0	0	0	0	0	0
771	0	0	0	0	0	0	0	0	0
772	0	0	0	0	0	0	0	0	0
773	0	0	0	0	0	0	0	0	0
774	0	0	0	0	0	0	0	0	0
775	0	0	0	0	0	0	0	0	0
790	0	0	0	0	0	0	0	0	0
777	0	0	0	0	0	0	0	0	0
778	0	0	0	0	0	0	0	0	0
1492	0	0	0	0	0	0	0	0	0
1493	0	0	0	0	0	0	0	0	0
1494	0	0	0	0	0	0	0	0	0
1495	0	0	0	0	0	0	0	0	0
1496	0	0	0	0	0	0	0	0	0
1499	0	0	0	0	0	0	0	0	0
1500	0	0	0	0	0	0	0	0	0
1501	0	0	0	0	0	0	0	0	0
1502	0	0	0	0	0	0	0	0	0
1503	0	0	0	0	0	0	0	0	0
1504	0	0	0	0	0	0	0	0	0
1505	0	0	0	0	0	0	0	0	0
1506	0	0	0	0	0	0	0	0	0
1507	0	0	0	0	0	0	0	0	0
1508	0	0	0	0	0	0	0	0	0
1509	0	0	0	0	0	0	0	0	0
1510	0	0	0	0	0	0	0	0	0
1511	0	0	0	0	0	0	0	0	0
1512	0	0	0	0	0	0	0	0	0
1513	0	0	0	0	0	0	0	0	0
1514	0	0	0	0	0	0	0	0	0
1515	0	0	0	0	0	0	0	0	0
1516	0	0	0	0	0	0	0	0	0
779	0	0	0	0	0	0	0	0	0
780	0	0	0	0	0	0	0	0	0
781	0	0	0	0	0	0	0	0	0
782	0	0	0	0	0	0	0	0	0
783	0	0	0	0	0	0	0	0	0
784	0	0	0	0	0	0	0	0	0
785	0	0	0	0	0	0	0	0	0
786	0	0	0	0	0	0	0	0	0
787	0	0	0	0	0	0	0	0	0
788	0	0	0	0	0	0	0	0	0
789	0	0	0	0	0	0	0	0	0
791	0	0	0	0	0	0	0	0	0
792	0	0	0	0	0	0	0	0	0
5551	0	0	0	0	0	0	0	0	0
5556	0	0	0	0	0	0	0	0	0
5557	0	0	0	0	0	0	0	0	0
5558	0	0	0	0	0	0	0	0	0
5559	0	0	0	0	0	0	0	0	0
5560	0	0	0	0	0	0	0	0	0
5561	0	0	0	0	0	0	0	0	0
5562	0	0	0	0	0	0	0	0	0
5563	0	0	0	0	0	0	0	0	0
5564	0	0	0	0	0	0	0	0	0
5565	0	0	0	0	0	0	0	0	0
5566	0	0	0	0	0	0	0	0	0
5567	0	0	0	0	0	0	0	0	0
5568	0	0	0	0	0	0	0	0	0
5569	0	0	0	0	0	0	0	0	0
5570	0	0	0	0	0	0	0	0	0
5571	0	0	0	0	0	0	0	0	0
5572	0	0	0	0	0	0	0	0	0
5573	0	0	0	0	0	0	0	0	0
5574	0	0	0	0	0	0	0	0	0
5575	0	0	0	0	0	0	0	0	0
5576	0	0	0	0	0	0	0	0	0
5577	0	0	0	0	0	0	0	0	0
5578	0	0	0	0	0	0	0	0	0
5579	0	0	0	0	0	0	0	0	0
5580	0	0	0	0	0	0	0	0	0
5581	0	0	0	0	0	0	0	0	0
5582	0	0	0	0	0	0	0	0	0
5583	0	0	0	0	0	0	0	0	0
3428	0	0	0	0	0	0	0	0	0
3429	0	0	0	0	0	0	0	0	0
3430	0	0	0	0	0	0	0	0	0
3431	0	0	0	0	0	0	0	0	0
3432	0	0	0	0	0	0	0	0	0
3433	0	0	0	0	0	0	0	0	0
3434	0	0	0	0	0	0	0	0	0
3435	0	0	0	0	0	0	0	0	0
3436	0	0	0	0	0	0	0	0	0
3437	0	0	0	0	0	0	0	0	0
3438	0	0	0	0	0	0	0	0	0
2429	0	0	0	0	0	0	0	0	0
2430	0	0	0	0	0	0	0	0	0
2431	0	0	0	0	0	0	0	0	0
2432	0	0	0	0	0	0	0	0	0
2433	0	0	0	0	0	0	0	0	0
2434	0	0	0	0	0	0	0	0	0
2435	0	0	0	0	0	0	0	0	0
2436	0	0	0	0	0	0	0	0	0
2437	0	0	0	0	0	0	0	0	0
2438	0	0	0	0	0	0	0	0	0
2439	0	0	0	0	0	0	0	0	0
2487	0	0	0	0	0	0	0	0	0
795	0	0	0	0	0	0	0	0	0
796	0	0	0	0	0	0	0	0	0
797	0	0	0	0	0	0	0	0	0
798	0	0	0	0	0	0	0	0	0
5584	0	0	0	0	0	0	0	0	0
5585	0	0	0	0	0	0	0	0	0
5586	0	0	0	0	0	0	0	0	0
5587	0	0	0	0	0	0	0	0	0
5588	0	0	0	0	0	0	0	0	0
5589	0	0	0	0	0	0	0	0	0
5590	0	0	0	0	0	0	0	0	0
5592	0	0	0	0	0	0	0	0	0
5593	0	0	0	0	0	0	0	0	0
5594	0	0	0	0	0	0	0	0	0
5595	0	0	0	0	0	0	0	0	0
5596	0	0	0	0	0	0	0	0	0
5600	0	0	0	0	0	0	0	0	0
5602	0	0	0	0	0	0	0	0	0
5603	0	0	0	0	0	0	0	0	0
5604	0	0	0	0	0	0	0	0	0
5605	0	0	0	0	0	0	0	0	0
793	0	0	0	0	0	0	0	0	0
794	0	0	0	0	0	0	0	0	0
806	0	0	0	0	0	0	0	0	0
807	0	0	0	0	0	0	0	0	0
808	0	0	0	0	0	0	0	0	0
809	0	0	0	0	0	0	0	0	0
1517	0	0	0	0	0	0	0	0	0
1518	0	0	0	0	0	0	0	0	0
1519	0	0	0	0	0	0	0	0	0
3487	0	0	0	0	0	0	0	0	0
3488	0	0	0	0	0	0	0	0	0
3496	0	0	0	0	0	0	0	0	0
3423	0	0	0	0	0	0	0	0	0
3424	0	0	0	0	0	0	0	0	0
3425	0	0	0	0	0	0	0	0	0
2361	0	0	0	0	0	0	0	0	0
2440	0	0	0	0	0	0	0	0	0
2441	0	0	0	0	0	0	0	0	0
2442	0	0	0	0	0	0	0	0	0
2443	0	0	0	0	0	0	0	0	0
2444	0	0	0	0	0	0	0	0	0
2445	0	0	0	0	0	0	0	0	0
2446	0	0	0	0	0	0	0	0	0
2447	0	0	0	0	0	0	0	0	0
2448	0	0	0	0	0	0	0	0	0
2449	0	0	0	0	0	0	0	0	0
2450	0	0	0	0	0	0	0	0	0
2451	0	0	0	0	0	0	0	0	0
2452	0	0	0	0	0	0	0	0	0
2453	0	0	0	0	0	0	0	0	0
2454	0	0	0	0	0	0	0	0	0
2455	0	0	0	0	0	0	0	0	0
2456	0	0	0	0	0	0	0	0	0
2457	0	0	0	0	0	0	0	0	0
2458	0	0	0	0	0	0	0	0	0
2459	0	0	0	0	0	0	0	0	0
2460	0	0	0	0	0	0	0	0	0
2461	0	0	0	0	0	0	0	0	0
2462	0	0	0	0	0	0	0	0	0
2463	0	0	0	0	0	0	0	0	0
2464	0	0	0	0	0	0	0	0	0
2465	0	0	0	0	0	0	0	0	0
2466	0	0	0	0	0	0	0	0	0
2467	0	0	0	0	0	0	0	0	0
2468	0	0	0	0	0	0	0	0	0
2469	0	0	0	0	0	0	0	0	0
2470	0	0	0	0	0	0	0	0	0
2471	0	0	0	0	0	0	0	0	0
2472	0	0	0	0	0	0	0	0	0
2473	0	0	0	0	0	0	0	0	0
2474	0	0	0	0	0	0	0	0	0
2475	0	0	0	0	0	0	0	0	0
2476	0	0	0	0	0	0	0	0	0
2477	0	0	0	0	0	0	0	0	0
2478	0	0	0	0	0	0	0	0	0
2479	0	0	0	0	0	0	0	0	0
2480	0	0	0	0	0	0	0	0	0
2481	0	0	0	0	0	0	0	0	0
2482	0	0	0	0	0	0	0	0	0
2483	0	0	0	0	0	0	0	0	0
2484	0	0	0	0	0	0	0	0	0
2485	0	0	0	0	0	0	0	0	0
2486	0	0	0	0	0	0	0	0	0
2488	0	0	0	0	0	0	0	0	0
2489	0	0	0	0	0	0	0	0	0
2490	0	0	0	0	0	0	0	0	0
2491	0	0	0	0	0	0	0	0	0
2492	0	0	0	0	0	0	0	0	0
2493	0	0	0	0	0	0	0	0	0
2494	0	0	0	0	0	0	0	0	0
2495	0	0	0	0	0	0	0	0	0
2496	0	0	0	0	0	0	0	0	0
2497	0	0	0	0	0	0	0	0	0
2498	0	0	0	0	0	0	0	0	0
2499	0	0	0	0	0	0	0	0	0
2500	0	0	0	0	0	0	0	0	0
2501	0	0	0	0	0	0	0	0	0
2502	0	0	0	0	0	0	0	0	0
2503	0	0	0	0	0	0	0	0	0
2505	0	0	0	0	0	0	0	0	0
2506	0	0	0	0	0	0	0	0	0
2507	0	0	0	0	0	0	0	0	0
4262	0	0	0	0	0	0	0	0	0
4263	0	0	0	0	0	0	0	0	0
4264	0	0	0	0	0	0	0	0	0
4265	0	0	0	0	0	0	0	0	0
4266	0	0	0	0	0	0	0	0	0
776	0	0	0	0	0	0	0	0	0
3361	0	0	0	0	0	0	0	0	0
5609	0	0	0	0	0	0	0	0	0
5610	0	0	0	0	0	0	0	0	0
5611	0	0	0	0	0	0	0	0	0
5612	0	0	0	0	0	0	0	0	0
2508	0	0	0	0	0	0	0	0	0
2509	0	0	0	0	0	0	0	0	0
2510	0	0	0	0	0	0	0	0	0
5619	0	0	0	0	0	0	0	0	0
542	0	0	0	0	0	0	0	0	0
543	0	0	0	0	0	0	0	0	0
545	0	0	0	0	0	0	0	0	0
546	0	0	0	0	0	0	0	0	0
548	0	0	0	0	0	0	0	0	0
549	0	0	0	0	0	0	0	0	0
551	0	0	0	0	0	0	0	0	0
552	0	0	0	0	0	0	0	0	0
554	0	0	0	0	0	0	0	0	0
555	0	0	0	0	0	0	0	0	0
557	0	0	0	0	0	0	0	0	0
558	0	0	0	0	0	0	0	0	0
810	0	0	0	0	0	0	0	0	0
811	0	0	0	0	0	0	0	0	0
812	0	0	0	0	0	0	0	0	0
813	0	0	0	0	0	0	0	0	0
814	0	0	0	0	0	0	0	0	0
815	0	0	0	0	0	0	0	0	0
816	0	0	0	0	0	0	0	0	0
817	0	0	0	0	0	0	0	0	0
821	0	0	0	0	0	0	0	0	0
822	0	0	0	0	0	0	0	0	0
823	0	0	0	0	0	0	0	0	0
824	0	0	0	0	0	0	0	0	0
825	0	0	0	0	0	0	0	0	0
826	0	0	0	0	0	0	0	0	0
827	0	0	0	0	0	0	0	0	0
828	0	0	0	0	0	0	0	0	0
829	0	0	0	0	0	0	0	0	0
830	0	0	0	0	0	0	0	0	0
831	0	0	0	0	0	0	0	0	0
1520	0	0	0	0	0	0	0	0	0
1521	0	0	0	0	0	0	0	0	0
1522	0	0	0	0	0	0	0	0	0
1523	0	0	0	0	0	0	0	0	0
1524	0	0	0	0	0	0	0	0	0
1525	0	0	0	0	0	0	0	0	0
833	0	0	0	0	0	0	0	0	0
834	0	0	0	0	0	0	0	0	0
835	0	0	0	0	0	0	0	0	0
836	0	0	0	0	0	0	0	0	0
1528	0	0	0	0	0	0	0	0	0
837	0	0	0	0	0	0	0	0	0
5656	0	0	0	0	0	0	0	0	0
5657	0	0	0	0	0	0	0	0	0
5658	0	0	0	0	0	0	0	0	0
1529	0	0	0	0	0	0	0	0	0
5623	0	0	0	0	0	0	0	0	0
5624	0	0	0	0	0	0	0	0	0
5625	0	0	0	0	0	0	0	0	0
5621	0	0	0	0	0	0	0	0	0
5627	0	0	0	0	0	0	0	0	0
5628	0	0	0	0	0	0	0	0	0
5629	0	0	0	0	0	0	0	0	0
5630	0	0	0	0	0	0	0	0	0
5631	0	0	0	0	0	0	0	0	0
5632	0	0	0	0	0	0	0	0	0
5633	0	0	0	0	0	0	0	0	0
5634	0	0	0	0	0	0	0	0	0
5635	0	0	0	0	0	0	0	0	0
5636	0	0	0	0	0	0	0	0	0
5637	0	0	0	0	0	0	0	0	0
5638	0	0	0	0	0	0	0	0	0
5639	0	0	0	0	0	0	0	0	0
5640	0	0	0	0	0	0	0	0	0
5643	0	0	0	0	0	0	0	0	0
5646	0	0	0	0	0	0	0	0	0
5647	0	0	0	0	0	0	0	0	0
5648	0	0	0	0	0	0	0	0	0
5652	0	0	0	0	0	0	0	0	0
5653	0	0	0	0	0	0	0	0	0
5654	0	0	0	0	0	0	0	0	0
5659	0	0	0	0	0	0	0	0	0
5662	0	0	0	0	0	0	0	0	0
5044	0	0	0	0	0	0	0	0	0
5665	0	0	0	0	0	0	0	0	0
5666	0	0	0	0	0	0	0	0	0
5667	0	0	0	0	0	0	0	0	0
5668	0	0	0	0	0	0	0	0	0
5669	0	0	0	0	0	0	0	0	0
5670	0	0	0	0	0	0	0	0	0
5671	0	0	0	0	0	0	0	0	0
5672	0	0	0	0	0	0	0	0	0
5673	0	0	0	0	0	0	0	0	0
5674	0	0	0	0	0	0	0	0	0
5675	0	0	0	0	0	0	0	0	0
5676	0	0	0	0	0	0	0	0	0
5677	0	0	0	0	0	0	0	0	0
5678	0	0	0	0	0	0	0	0	0
5679	0	0	0	0	0	0	0	0	0
5680	0	0	0	0	0	0	0	0	0
5681	0	0	0	0	0	0	0	0	0
5682	0	0	0	0	0	0	0	0	0
5683	0	0	0	0	0	0	0	0	0
5684	0	0	0	0	0	0	0	0	0
5686	0	0	0	0	0	0	0	0	0
5687	0	0	0	0	0	0	0	0	0
5688	0	0	0	0	0	0	0	0	0
5689	0	0	0	0	0	0	0	0	0
5690	0	0	0	0	0	0	0	0	0
5691	0	0	0	0	0	0	0	0	0
5692	0	0	0	0	0	0	0	0	0
5693	0	0	0	0	0	0	0	0	0
5694	0	0	0	0	0	0	0	0	0
5695	0	0	0	0	0	0	0	0	0
3664	0	0	0	0	0	0	0	0	0
3665	0	0	0	0	0	0	0	0	0
2511	0	0	0	0	0	0	0	0	0
2512	0	0	0	0	0	0	0	0	0
2513	0	0	0	0	0	0	0	0	0
2514	0	0	0	0	0	0	0	0	0
2525	0	0	0	0	0	0	0	0	0
2526	0	0	0	0	0	0	0	0	0
2527	0	0	0	0	0	0	0	0	0
2528	0	0	0	0	0	0	0	0	0
2529	0	0	0	0	0	0	0	0	0
2531	0	0	0	0	0	0	0	0	0
2532	0	0	0	0	0	0	0	0	0
2533	0	0	0	0	0	0	0	0	0
2534	0	0	0	0	0	0	0	0	0
2535	0	0	0	0	0	0	0	0	0
2536	0	0	0	0	0	0	0	0	0
2537	0	0	0	0	0	0	0	0	0
2538	0	0	0	0	0	0	0	0	0
2539	0	0	0	0	0	0	0	0	0
2540	0	0	0	0	0	0	0	0	0
2541	0	0	0	0	0	0	0	0	0
2542	0	0	0	0	0	0	0	0	0
2543	0	0	0	0	0	0	0	0	0
2544	0	0	0	0	0	0	0	0	0
2545	0	0	0	0	0	0	0	0	0
2546	0	0	0	0	0	0	0	0	0
2547	0	0	0	0	0	0	0	0	0
2548	0	0	0	0	0	0	0	0	0
2549	0	0	0	0	0	0	0	0	0
2550	0	0	0	0	0	0	0	0	0
2551	0	0	0	0	0	0	0	0	0
2552	0	0	0	0	0	0	0	0	0
2553	0	0	0	0	0	0	0	0	0
2554	0	0	0	0	0	0	0	0	0
2555	0	0	0	0	0	0	0	0	0
2556	0	0	0	0	0	0	0	0	0
2557	0	0	0	0	0	0	0	0	0
2558	0	0	0	0	0	0	0	0	0
2559	0	0	0	0	0	0	0	0	0
2560	0	0	0	0	0	0	0	0	0
2561	0	0	0	0	0	0	0	0	0
2562	0	0	0	0	0	0	0	0	0
2563	0	0	0	0	0	0	0	0	0
2564	0	0	0	0	0	0	0	0	0
2565	0	0	0	0	0	0	0	0	0
2566	0	0	0	0	0	0	0	0	0
2567	0	0	0	0	0	0	0	0	0
2568	0	0	0	0	0	0	0	0	0
2569	0	0	0	0	0	0	0	0	0
2570	0	0	0	0	0	0	0	0	0
2571	0	0	0	0	0	0	0	0	0
1531	0	0	0	0	0	0	0	0	0
838	0	0	0	0	0	0	0	0	0
1530	0	0	0	0	0	0	0	0	0
2584	0	0	0	0	0	0	0	0	0
2585	0	0	0	0	0	0	0	0	0
5702	0	0	0	0	0	0	0	0	0
5703	0	0	0	0	0	0	0	0	0
5704	0	0	0	0	0	0	0	0	0
5705	0	0	0	0	0	0	0	0	0
5706	0	0	0	0	0	0	0	0	0
5707	0	0	0	0	0	0	0	0	0
5708	0	0	0	0	0	0	0	0	0
5709	0	0	0	0	0	0	0	0	0
5710	0	0	0	0	0	0	0	0	0
5711	0	0	0	0	0	0	0	0	0
5712	0	0	0	0	0	0	0	0	0
5713	0	0	0	0	0	0	0	0	0
5714	0	0	0	0	0	0	0	0	0
5715	0	0	0	0	0	0	0	0	0
5716	0	0	0	0	0	0	0	0	0
5717	0	0	0	0	0	0	0	0	0
5718	0	0	0	0	0	0	0	0	0
5719	0	0	0	0	0	0	0	0	0
5720	0	0	0	0	0	0	0	0	0
5721	0	0	0	0	0	0	0	0	0
5722	0	0	0	0	0	0	0	0	0
5723	0	0	0	0	0	0	0	0	0
5724	0	0	0	0	0	0	0	0	0
5725	0	0	0	0	0	0	0	0	0
5726	0	0	0	0	0	0	0	0	0
5727	0	0	0	0	0	0	0	0	0
5728	0	0	0	0	0	0	0	0	0
5729	0	0	0	0	0	0	0	0	0
5730	0	0	0	0	0	0	0	0	0
5731	0	0	0	0	0	0	0	0	0
5732	0	0	0	0	0	0	0	0	0
5733	0	0	0	0	0	0	0	0	0
5734	0	0	0	0	0	0	0	0	0
5735	0	0	0	0	0	0	0	0	0
5736	0	0	0	0	0	0	0	0	0
5737	0	0	0	0	0	0	0	0	0
5738	0	0	0	0	0	0	0	0	0
5739	0	0	0	0	0	0	0	0	0
5740	0	0	0	0	0	0	0	0	0
5741	0	0	0	0	0	0	0	0	0
5742	0	0	0	0	0	0	0	0	0
5743	0	0	0	0	0	0	0	0	0
5744	0	0	0	0	0	0	0	0	0
5745	0	0	0	0	0	0	0	0	0
5746	0	0	0	0	0	0	0	0	0
5747	0	0	0	0	0	0	0	0	0
5748	0	0	0	0	0	0	0	0	0
5749	0	0	0	0	0	0	0	0	0
5750	0	0	0	0	0	0	0	0	0
5751	0	0	0	0	0	0	0	0	0
5752	0	0	0	0	0	0	0	0	0
5753	0	0	0	0	0	0	0	0	0
5754	0	0	0	0	0	0	0	0	0
5755	0	0	0	0	0	0	0	0	0
5756	0	0	0	0	0	0	0	0	0
5757	0	0	0	0	0	0	0	0	0
5758	0	0	0	0	0	0	0	0	0
5759	0	0	0	0	0	0	0	0	0
5760	0	0	0	0	0	0	0	0	0
5761	0	0	0	0	0	0	0	0	0
5762	0	0	0	0	0	0	0	0	0
2577	0	0	0	0	0	0	0	0	0
2578	0	0	0	0	0	0	0	0	0
2579	0	0	0	0	0	0	0	0	0
2580	0	0	0	0	0	0	0	0	0
2581	0	0	0	0	0	0	0	0	0
2582	0	0	0	0	0	0	0	0	0
2583	0	0	0	0	0	0	0	0	0
8237	0	0	0	0	0	0	0	0	0
8238	0	0	0	0	0	0	0	0	0
8239	0	0	0	0	0	0	0	0	0
8240	0	0	0	0	0	0	0	0	0
8241	0	0	0	0	0	0	0	0	0
8242	0	0	0	0	0	0	0	0	0
8243	0	0	0	0	0	0	0	0	0
8244	0	0	0	0	0	0	0	0	0
5696	0	0	0	0	0	0	0	0	0
5697	0	0	0	0	0	0	0	0	0
5698	0	0	0	0	0	0	0	0	0
5763	0	0	0	0	0	0	0	0	0
5764	0	0	0	0	0	0	0	0	0
5765	0	0	0	0	0	0	0	0	0
5766	0	0	0	0	0	0	0	0	0
5767	0	0	0	0	0	0	0	0	0
5768	0	0	0	0	0	0	0	0	0
8246	0	0	0	0	0	0	0	0	0
2586	0	0	0	0	0	0	0	0	0
2587	0	0	0	0	0	0	0	0	0
2588	0	0	0	0	0	0	0	0	0
2589	0	0	0	0	0	0	0	0	0
2590	0	0	0	0	0	0	0	0	0
2591	0	0	0	0	0	0	0	0	0
5769	0	0	0	0	0	0	0	0	0
5770	0	0	0	0	0	0	0	0	0
2592	0	0	0	0	0	0	0	0	0
8247	0	0	0	0	0	0	0	0	0
8245	0	0	0	0	0	0	0	0	0
2593	0	0	0	0	0	0	0	0	0
5771	0	0	0	0	0	0	0	0	0
2594	0	0	0	0	0	0	0	0	0
839	0	0	0	0	0	0	0	0	0
8248	0	0	0	0	0	0	0	0	0
2595	0	0	0	0	0	0	0	0	0
2596	0	0	0	0	0	0	0	0	0
2597	0	0	0	0	0	0	0	0	0
2598	0	0	0	0	0	0	0	0	0
2599	0	0	0	0	0	0	0	0	0
2600	0	0	0	0	0	0	0	0	0
2601	0	0	0	0	0	0	0	0	0
2602	0	0	0	0	0	0	0	0	0
2603	0	0	0	0	0	0	0	0	0
2604	0	0	0	0	0	0	0	0	0
2605	0	0	0	0	0	0	0	0	0
2606	0	0	0	0	0	0	0	0	0
5772	0	0	0	0	0	0	0	0	0
5773	0	0	0	0	0	0	0	0	0
5774	0	0	0	0	0	0	0	0	0
2638	0	0	0	0	0	0	0	0	0
2639	0	0	0	0	0	0	0	0	0
2640	0	0	0	0	0	0	0	0	0
2641	0	0	0	0	0	0	0	0	0
2642	0	0	0	0	0	0	0	0	0
2643	0	0	0	0	0	0	0	0	0
2644	0	0	0	0	0	0	0	0	0
2645	0	0	0	0	0	0	0	0	0
2646	0	0	0	0	0	0	0	0	0
5776	0	0	0	0	0	0	0	0	0
5777	0	0	0	0	0	0	0	0	0
5778	0	0	0	0	0	0	0	0	0
5779	0	0	0	0	0	0	0	0	0
5780	0	0	0	0	0	0	0	0	0
5781	0	0	0	0	0	0	0	0	0
5782	0	0	0	0	0	0	0	0	0
5783	0	0	0	0	0	0	0	0	0
5784	0	0	0	0	0	0	0	0	0
5785	0	0	0	0	0	0	0	0	0
5786	0	0	0	0	0	0	0	0	0
5787	0	0	0	0	0	0	0	0	0
5788	0	0	0	0	0	0	0	0	0
5789	0	0	0	0	0	0	0	0	0
5790	0	0	0	0	0	0	0	0	0
5791	0	0	0	0	0	0	0	0	0
5792	0	0	0	0	0	0	0	0	0
5793	0	0	0	0	0	0	0	0	0
5794	0	0	0	0	0	0	0	0	0
5795	0	0	0	0	0	0	0	0	0
5796	0	0	0	0	0	0	0	0	0
5797	0	0	0	0	0	0	0	0	0
5798	0	0	0	0	0	0	0	0	0
5799	0	0	0	0	0	0	0	0	0
5800	0	0	0	0	0	0	0	0	0
5801	0	0	0	0	0	0	0	0	0
5802	0	0	0	0	0	0	0	0	0
5803	0	0	0	0	0	0	0	0	0
5804	0	0	0	0	0	0	0	0	0
5805	0	0	0	0	0	0	0	0	0
5806	0	0	0	0	0	0	0	0	0
5807	0	0	0	0	0	0	0	0	0
5808	0	0	0	0	0	0	0	0	0
5809	0	0	0	0	0	0	0	0	0
5810	0	0	0	0	0	0	0	0	0
5811	0	0	0	0	0	0	0	0	0
5812	0	0	0	0	0	0	0	0	0
5813	0	0	0	0	0	0	0	0	0
5814	0	0	0	0	0	0	0	0	0
5815	0	0	0	0	0	0	0	0	0
5816	0	0	0	0	0	0	0	0	0
5817	0	0	0	0	0	0	0	0	0
5818	0	0	0	0	0	0	0	0	0
5819	0	0	0	0	0	0	0	0	0
5820	0	0	0	0	0	0	0	0	0
5821	0	0	0	0	0	0	0	0	0
5822	0	0	0	0	0	0	0	0	0
5823	0	0	0	0	0	0	0	0	0
5824	0	0	0	0	0	0	0	0	0
5825	0	0	0	0	0	0	0	0	0
5826	0	0	0	0	0	0	0	0	0
5827	0	0	0	0	0	0	0	0	0
5828	0	0	0	0	0	0	0	0	0
5829	0	0	0	0	0	0	0	0	0
5830	0	0	0	0	0	0	0	0	0
5831	0	0	0	0	0	0	0	0	0
5832	0	0	0	0	0	0	0	0	0
5833	0	0	0	0	0	0	0	0	0
5834	0	0	0	0	0	0	0	0	0
5835	0	0	0	0	0	0	0	0	0
5836	0	0	0	0	0	0	0	0	0
5837	0	0	0	0	0	0	0	0	0
5838	0	0	0	0	0	0	0	0	0
5839	0	0	0	0	0	0	0	0	0
5840	0	0	0	0	0	0	0	0	0
5841	0	0	0	0	0	0	0	0	0
5842	0	0	0	0	0	0	0	0	0
5843	0	0	0	0	0	0	0	0	0
5844	0	0	0	0	0	0	0	0	0
5845	0	0	0	0	0	0	0	0	0
5846	0	0	0	0	0	0	0	0	0
5847	0	0	0	0	0	0	0	0	0
5848	0	0	0	0	0	0	0	0	0
5849	0	0	0	0	0	0	0	0	0
5850	0	0	0	0	0	0	0	0	0
5851	0	0	0	0	0	0	0	0	0
5852	0	0	0	0	0	0	0	0	0
5853	0	0	0	0	0	0	0	0	0
5854	0	0	0	0	0	0	0	0	0
5855	0	0	0	0	0	0	0	0	0
5856	0	0	0	0	0	0	0	0	0
5857	0	0	0	0	0	0	0	0	0
5858	0	0	0	0	0	0	0	0	0
5859	0	0	0	0	0	0	0	0	0
5860	0	0	0	0	0	0	0	0	0
5861	0	0	0	0	0	0	0	0	0
5862	0	0	0	0	0	0	0	0	0
5863	0	0	0	0	0	0	0	0	0
5864	0	0	0	0	0	0	0	0	0
5865	0	0	0	0	0	0	0	0	0
5866	0	0	0	0	0	0	0	0	0
5867	0	0	0	0	0	0	0	0	0
5868	0	0	0	0	0	0	0	0	0
5869	0	0	0	0	0	0	0	0	0
5870	0	0	0	0	0	0	0	0	0
5871	0	0	0	0	0	0	0	0	0
5872	0	0	0	0	0	0	0	0	0
5873	0	0	0	0	0	0	0	0	0
5874	0	0	0	0	0	0	0	0	0
5875	0	0	0	0	0	0	0	0	0
5876	0	0	0	0	0	0	0	0	0
5877	0	0	0	0	0	0	0	0	0
5878	0	0	0	0	0	0	0	0	0
5879	0	0	0	0	0	0	0	0	0
5880	0	0	0	0	0	0	0	0	0
5881	0	0	0	0	0	0	0	0	0
5882	0	0	0	0	0	0	0	0	0
5883	0	0	0	0	0	0	0	0	0
5884	0	0	0	0	0	0	0	0	0
5885	0	0	0	0	0	0	0	0	0
5886	0	0	0	0	0	0	0	0	0
5887	0	0	0	0	0	0	0	0	0
5888	0	0	0	0	0	0	0	0	0
5889	0	0	0	0	0	0	0	0	0
5890	0	0	0	0	0	0	0	0	0
5891	0	0	0	0	0	0	0	0	0
5892	0	0	0	0	0	0	0	0	0
5893	0	0	0	0	0	0	0	0	0
5894	0	0	0	0	0	0	0	0	0
5895	0	0	0	0	0	0	0	0	0
5896	0	0	0	0	0	0	0	0	0
5897	0	0	0	0	0	0	0	0	0
5898	0	0	0	0	0	0	0	0	0
5899	0	0	0	0	0	0	0	0	0
5900	0	0	0	0	0	0	0	0	0
5901	0	0	0	0	0	0	0	0	0
5902	0	0	0	0	0	0	0	0	0
5903	0	0	0	0	0	0	0	0	0
5904	0	0	0	0	0	0	0	0	0
5905	0	0	0	0	0	0	0	0	0
5906	0	0	0	0	0	0	0	0	0
5907	0	0	0	0	0	0	0	0	0
5908	0	0	0	0	0	0	0	0	0
5909	0	0	0	0	0	0	0	0	0
5910	0	0	0	0	0	0	0	0	0
5911	0	0	0	0	0	0	0	0	0
5912	0	0	0	0	0	0	0	0	0
5913	0	0	0	0	0	0	0	0	0
5914	0	0	0	0	0	0	0	0	0
5915	0	0	0	0	0	0	0	0	0
5916	0	0	0	0	0	0	0	0	0
5917	0	0	0	0	0	0	0	0	0
5919	0	0	0	0	0	0	0	0	0
5920	0	0	0	0	0	0	0	0	0
5921	0	0	0	0	0	0	0	0	0
5922	0	0	0	0	0	0	0	0	0
5923	0	0	0	0	0	0	0	0	0
6020	0	0	0	0	0	0	0	0	0
6021	0	0	0	0	0	0	0	0	0
6022	0	0	0	0	0	0	0	0	0
6023	0	0	0	0	0	0	0	0	0
5924	0	0	0	0	0	0	0	0	0
5925	0	0	0	0	0	0	0	0	0
5926	0	0	0	0	0	0	0	0	0
5931	0	0	0	0	0	0	0	0	0
5932	0	0	0	0	0	0	0	0	0
5933	0	0	0	0	0	0	0	0	0
5934	0	0	0	0	0	0	0	0	0
5935	0	0	0	0	0	0	0	0	0
5936	0	0	0	0	0	0	0	0	0
5937	0	0	0	0	0	0	0	0	0
5946	0	0	0	0	0	0	0	0	0
5947	0	0	0	0	0	0	0	0	0
5948	0	0	0	0	0	0	0	0	0
5949	0	0	0	0	0	0	0	0	0
5950	0	0	0	0	0	0	0	0	0
5951	0	0	0	0	0	0	0	0	0
5952	0	0	0	0	0	0	0	0	0
5953	0	0	0	0	0	0	0	0	0
5954	0	0	0	0	0	0	0	0	0
5955	0	0	0	0	0	0	0	0	0
5956	0	0	0	0	0	0	0	0	0
5957	0	0	0	0	0	0	0	0	0
5958	0	0	0	0	0	0	0	0	0
5959	0	0	0	0	0	0	0	0	0
5960	0	0	0	0	0	0	0	0	0
5961	0	0	0	0	0	0	0	0	0
5962	0	0	0	0	0	0	0	0	0
5963	0	0	0	0	0	0	0	0	0
5964	0	0	0	0	0	0	0	0	0
5965	0	0	0	0	0	0	0	0	0
5966	0	0	0	0	0	0	0	0	0
5967	0	0	0	0	0	0	0	0	0
5968	0	0	0	0	0	0	0	0	0
5969	0	0	0	0	0	0	0	0	0
5970	0	0	0	0	0	0	0	0	0
5971	0	0	0	0	0	0	0	0	0
5972	0	0	0	0	0	0	0	0	0
5973	0	0	0	0	0	0	0	0	0
5974	0	0	0	0	0	0	0	0	0
5975	0	0	0	0	0	0	0	0	0
5976	0	0	0	0	0	0	0	0	0
5977	0	0	0	0	0	0	0	0	0
5978	0	0	0	0	0	0	0	0	0
5979	0	0	0	0	0	0	0	0	0
5980	0	0	0	0	0	0	0	0	0
5981	0	0	0	0	0	0	0	0	0
5982	0	0	0	0	0	0	0	0	0
5983	0	0	0	0	0	0	0	0	0
5984	0	0	0	0	0	0	0	0	0
5987	0	0	0	0	0	0	0	0	0
5988	0	0	0	0	0	0	0	0	0
5989	0	0	0	0	0	0	0	0	0
5990	0	0	0	0	0	0	0	0	0
5991	0	0	0	0	0	0	0	0	0
5992	0	0	0	0	0	0	0	0	0
5993	0	0	0	0	0	0	0	0	0
5994	0	0	0	0	0	0	0	0	0
6033	0	0	0	0	0	0	0	0	0
6034	0	0	0	0	0	0	0	0	0
6035	0	0	0	0	0	0	0	0	0
6036	0	0	0	0	0	0	0	0	0
6037	0	0	0	0	0	0	0	0	0
6041	0	0	0	0	0	0	0	0	0
6042	0	0	0	0	0	0	0	0	0
6043	0	0	0	0	0	0	0	0	0
6044	0	0	0	0	0	0	0	0	0
6045	0	0	0	0	0	0	0	0	0
6046	0	0	0	0	0	0	0	0	0
6047	0	0	0	0	0	0	0	0	0
6048	0	0	0	0	0	0	0	0	0
6049	0	0	0	0	0	0	0	0	0
6050	0	0	0	0	0	0	0	0	0
6051	0	0	0	0	0	0	0	0	0
6052	0	0	0	0	0	0	0	0	0
6053	0	0	0	0	0	0	0	0	0
6054	0	0	0	0	0	0	0	0	0
6038	0	0	0	0	0	0	0	0	0
6039	0	0	0	0	0	0	0	0	0
6040	0	0	0	0	0	0	0	0	0
6055	0	0	0	0	0	0	0	0	0
6056	0	0	0	0	0	0	0	0	0
6057	0	0	0	0	0	0	0	0	0
6058	0	0	0	0	0	0	0	0	0
6059	0	0	0	0	0	0	0	0	0
6060	0	0	0	0	0	0	0	0	0
2607	0	0	0	0	0	0	0	0	0
2608	0	0	0	0	0	0	0	0	0
2609	0	0	0	0	0	0	0	0	0
2610	0	0	0	0	0	0	0	0	0
2611	0	0	0	0	0	0	0	0	0
2612	0	0	0	0	0	0	0	0	0
2613	0	0	0	0	0	0	0	0	0
2614	0	0	0	0	0	0	0	0	0
2615	0	0	0	0	0	0	0	0	0
2616	0	0	0	0	0	0	0	0	0
2617	0	0	0	0	0	0	0	0	0
2618	0	0	0	0	0	0	0	0	0
2622	0	0	0	0	0	0	0	0	0
2623	0	0	0	0	0	0	0	0	0
2624	0	0	0	0	0	0	0	0	0
2625	0	0	0	0	0	0	0	0	0
2626	0	0	0	0	0	0	0	0	0
2627	0	0	0	0	0	0	0	0	0
2628	0	0	0	0	0	0	0	0	0
2629	0	0	0	0	0	0	0	0	0
2630	0	0	0	0	0	0	0	0	0
2631	0	0	0	0	0	0	0	0	0
2632	0	0	0	0	0	0	0	0	0
2633	0	0	0	0	0	0	0	0	0
2634	0	0	0	0	0	0	0	0	0
2635	0	0	0	0	0	0	0	0	0
2636	0	0	0	0	0	0	0	0	0
2637	0	0	0	0	0	0	0	0	0
2647	0	0	0	0	0	0	0	0	0
2648	0	0	0	0	0	0	0	0	0
2649	0	0	0	0	0	0	0	0	0
2650	0	0	0	0	0	0	0	0	0
2651	0	0	0	0	0	0	0	0	0
2652	0	0	0	0	0	0	0	0	0
2653	0	0	0	0	0	0	0	0	0
2654	0	0	0	0	0	0	0	0	0
2655	0	0	0	0	0	0	0	0	0
2656	0	0	0	0	0	0	0	0	0
2657	0	0	0	0	0	0	0	0	0
2658	0	0	0	0	0	0	0	0	0
2659	0	0	0	0	0	0	0	0	0
2660	0	0	0	0	0	0	0	0	0
2661	0	0	0	0	0	0	0	0	0
2662	0	0	0	0	0	0	0	0	0
2663	0	0	0	0	0	0	0	0	0
2664	0	0	0	0	0	0	0	0	0
2665	0	0	0	0	0	0	0	0	0
2666	0	0	0	0	0	0	0	0	0
2667	0	0	0	0	0	0	0	0	0
2668	0	0	0	0	0	0	0	0	0
2669	0	0	0	0	0	0	0	0	0
2670	0	0	0	0	0	0	0	0	0
2671	0	0	0	0	0	0	0	0	0
2780	0	0	0	0	0	0	0	0	0
2781	0	0	0	0	0	0	0	0	0
2782	0	0	0	0	0	0	0	0	0
2783	0	0	0	0	0	0	0	0	0
2784	0	0	0	0	0	0	0	0	0
2785	0	0	0	0	0	0	0	0	0
2786	0	0	0	0	0	0	0	0	0
2787	0	0	0	0	0	0	0	0	0
2788	0	0	0	0	0	0	0	0	0
2789	0	0	0	0	0	0	0	0	0
2790	0	0	0	0	0	0	0	0	0
2791	0	0	0	0	0	0	0	0	0
2792	0	0	0	0	0	0	0	0	0
2793	0	0	0	0	0	0	0	0	0
2794	0	0	0	0	0	0	0	0	0
2795	0	0	0	0	0	0	0	0	0
2796	0	0	0	0	0	0	0	0	0
2797	0	0	0	0	0	0	0	0	0
2798	0	0	0	0	0	0	0	0	0
2799	0	0	0	0	0	0	0	0	0
2800	0	0	0	0	0	0	0	0	0
2801	0	0	0	0	0	0	0	0	0
2802	0	0	0	0	0	0	0	0	0
2803	0	0	0	0	0	0	0	0	0
2804	0	0	0	0	0	0	0	0	0
2805	0	0	0	0	0	0	0	0	0
2806	0	0	0	0	0	0	0	0	0
2807	0	0	0	0	0	0	0	0	0
2808	0	0	0	0	0	0	0	0	0
2809	0	0	0	0	0	0	0	0	0
2810	0	0	0	0	0	0	0	0	0
2811	0	0	0	0	0	0	0	0	0
2812	0	0	0	0	0	0	0	0	0
2813	0	0	0	0	0	0	0	0	0
2814	0	0	0	0	0	0	0	0	0
2815	0	0	0	0	0	0	0	0	0
2816	0	0	0	0	0	0	0	0	0
2817	0	0	0	0	0	0	0	0	0
2818	0	0	0	0	0	0	0	0	0
2819	0	0	0	0	0	0	0	0	0
2820	0	0	0	0	0	0	0	0	0
2821	0	0	0	0	0	0	0	0	0
2822	0	0	0	0	0	0	0	0	0
2823	0	0	0	0	0	0	0	0	0
2824	0	0	0	0	0	0	0	0	0
2825	0	0	0	0	0	0	0	0	0
2826	0	0	0	0	0	0	0	0	0
2827	0	0	0	0	0	0	0	0	0
2828	0	0	0	0	0	0	0	0	0
2829	0	0	0	0	0	0	0	0	0
2830	0	0	0	0	0	0	0	0	0
2831	0	0	0	0	0	0	0	0	0
8250	0	0	0	0	0	0	0	0	0
8251	0	0	0	0	0	0	0	0	0
8252	0	0	0	0	0	0	0	0	0
8253	0	0	0	0	0	0	0	0	0
8254	0	0	0	0	0	0	0	0	0
8255	0	0	0	0	0	0	0	0	0
8256	0	0	0	0	0	0	0	0	0
8257	0	0	0	0	0	0	0	0	0
8258	0	0	0	0	0	0	0	0	0
8259	0	0	0	0	0	0	0	0	0
8260	0	0	0	0	0	0	0	0	0
8261	0	0	0	0	0	0	0	0	0
8262	0	0	0	0	0	0	0	0	0
8263	0	0	0	0	0	0	0	0	0
8264	0	0	0	0	0	0	0	0	0
8265	0	0	0	0	0	0	0	0	0
8275	0	0	0	0	0	0	0	0	0
8276	0	0	0	0	0	0	0	0	0
8277	0	0	0	0	0	0	0	0	0
8278	0	0	0	0	0	0	0	0	0
8279	0	0	0	0	0	0	0	0	0
8280	0	0	0	0	0	0	0	0	0
840	0	0	0	0	0	0	0	0	0
841	0	0	0	0	0	0	0	0	0
842	0	0	0	0	0	0	0	0	0
843	0	0	0	0	0	0	0	0	0
844	0	0	0	0	0	0	0	0	0
845	0	0	0	0	0	0	0	0	0
847	0	0	0	0	0	0	0	0	0
857	0	0	0	0	0	0	0	0	0
858	0	0	0	0	0	0	0	0	0
859	0	0	0	0	0	0	0	0	0
860	0	0	0	0	0	0	0	0	0
861	0	0	0	0	0	0	0	0	0
862	0	0	0	0	0	0	0	0	0
863	0	0	0	0	0	0	0	0	0
864	0	0	0	0	0	0	0	0	0
865	0	0	0	0	0	0	0	0	0
866	0	0	0	0	0	0	0	0	0
867	0	0	0	0	0	0	0	0	0
868	0	0	0	0	0	0	0	0	0
869	0	0	0	0	0	0	0	0	0
870	0	0	0	0	0	0	0	0	0
871	0	0	0	0	0	0	0	0	0
872	0	0	0	0	0	0	0	0	0
873	0	0	0	0	0	0	0	0	0
874	0	0	0	0	0	0	0	0	0
875	0	0	0	0	0	0	0	0	0
876	0	0	0	0	0	0	0	0	0
877	0	0	0	0	0	0	0	0	0
878	0	0	0	0	0	0	0	0	0
879	0	0	0	0	0	0	0	0	0
880	0	0	0	0	0	0	0	0	0
881	0	0	0	0	0	0	0	0	0
882	0	0	0	0	0	0	0	0	0
883	0	0	0	0	0	0	0	0	0
884	0	0	0	0	0	0	0	0	0
885	0	0	0	0	0	0	0	0	0
886	0	0	0	0	0	0	0	0	0
887	0	0	0	0	0	0	0	0	0
888	0	0	0	0	0	0	0	0	0
889	0	0	0	0	0	0	0	0	0
890	0	0	0	0	0	0	0	0	0
891	0	0	0	0	0	0	0	0	0
892	0	0	0	0	0	0	0	0	0
893	0	0	0	0	0	0	0	0	0
894	0	0	0	0	0	0	0	0	0
895	0	0	0	0	0	0	0	0	0
896	0	0	0	0	0	0	0	0	0
897	0	0	0	0	0	0	0	0	0
898	0	0	0	0	0	0	0	0	0
899	0	0	0	0	0	0	0	0	0
900	0	0	0	0	0	0	0	0	0
901	0	0	0	0	0	0	0	0	0
902	0	0	0	0	0	0	0	0	0
903	0	0	0	0	0	0	0	0	0
904	0	0	0	0	0	0	0	0	0
905	0	0	0	0	0	0	0	0	0
906	0	0	0	0	0	0	0	0	0
907	0	0	0	0	0	0	0	0	0
908	0	0	0	0	0	0	0	0	0
909	0	0	0	0	0	0	0	0	0
910	0	0	0	0	0	0	0	0	0
911	0	0	0	0	0	0	0	0	0
912	0	0	0	0	0	0	0	0	0
913	0	0	0	0	0	0	0	0	0
914	0	0	0	0	0	0	0	0	0
915	0	0	0	0	0	0	0	0	0
916	0	0	0	0	0	0	0	0	0
917	0	0	0	0	0	0	0	0	0
918	0	0	0	0	0	0	0	0	0
919	0	0	0	0	0	0	0	0	0
920	0	0	0	0	0	0	0	0	0
921	0	0	0	0	0	0	0	0	0
922	0	0	0	0	0	0	0	0	0
924	0	0	0	0	0	0	0	0	0
1532	0	0	0	0	0	0	0	0	0
1533	0	0	0	0	0	0	0	0	0
927	0	0	0	0	0	0	0	0	0
1534	0	0	0	0	0	0	0	0	0
1535	0	0	0	0	0	0	0	0	0
1536	0	0	0	0	0	0	0	0	0
1537	0	0	0	0	0	0	0	0	0
1538	0	0	0	0	0	0	0	0	0
1539	0	0	0	0	0	0	0	0	0
928	0	0	0	0	0	0	0	0	0
929	0	0	0	0	0	0	0	0	0
930	0	0	0	0	0	0	0	0	0
931	0	0	0	0	0	0	0	0	0
932	0	0	0	0	0	0	0	0	0
933	0	0	0	0	0	0	0	0	0
939	0	0	0	0	0	0	0	0	0
940	0	0	0	0	0	0	0	0	0
941	0	0	0	0	0	0	0	0	0
942	0	0	0	0	0	0	0	0	0
943	0	0	0	0	0	0	0	0	0
944	0	0	0	0	0	0	0	0	0
945	0	0	0	0	0	0	0	0	0
946	0	0	0	0	0	0	0	0	0
1540	0	0	0	0	0	0	0	0	0
947	0	0	0	0	0	0	0	0	0
948	0	0	0	0	0	0	0	0	0
1541	0	0	0	0	0	0	0	0	0
1542	0	0	0	0	0	0	0	0	0
949	0	0	0	0	0	0	0	0	0
1543	0	0	0	0	0	0	0	0	0
950	0	0	0	0	0	0	0	0	0
951	0	0	0	0	0	0	0	0	0
1544	0	0	0	0	0	0	0	0	0
1545	0	0	0	0	0	0	0	0	0
4766	0	0	0	0	0	0	0	0	0
4771	0	0	0	0	0	0	0	0	0
4776	0	0	0	0	0	0	0	0	0
2839	0	0	0	0	0	0	0	0	0
2171	0	0	0	0	0	0	0	0	0
953	0	0	0	0	0	0	0	0	0
2840	0	0	0	0	0	0	0	0	0
2841	0	0	0	0	0	0	0	0	0
8308	0	0	0	0	0	0	0	0	0
8309	0	0	0	0	0	0	0	0	0
6088	0	0	0	0	0	0	0	0	0
6089	0	0	0	0	0	0	0	0	0
6090	0	0	0	0	0	0	0	0	0
6091	0	0	0	0	0	0	0	0	0
6092	0	0	0	0	0	0	0	0	0
2837	0	0	0	0	0	0	0	0	0
6093	0	0	0	0	0	0	0	0	0
6094	0	0	0	0	0	0	0	0	0
6095	0	0	0	0	0	0	0	0	0
6096	0	0	0	0	0	0	0	0	0
6097	0	0	0	0	0	0	0	0	0
6098	0	0	0	0	0	0	0	0	0
6099	0	0	0	0	0	0	0	0	0
6100	0	0	0	0	0	0	0	0	0
6101	0	0	0	0	0	0	0	0	0
6102	0	0	0	0	0	0	0	0	0
6103	0	0	0	0	0	0	0	0	0
6104	0	0	0	0	0	0	0	0	0
6105	0	0	0	0	0	0	0	0	0
6106	0	0	0	0	0	0	0	0	0
6107	0	0	0	0	0	0	0	0	0
6108	0	0	0	0	0	0	0	0	0
6109	0	0	0	0	0	0	0	0	0
6110	0	0	0	0	0	0	0	0	0
6111	0	0	0	0	0	0	0	0	0
6112	0	0	0	0	0	0	0	0	0
6113	0	0	0	0	0	0	0	0	0
6114	0	0	0	0	0	0	0	0	0
6115	0	0	0	0	0	0	0	0	0
6116	0	0	0	0	0	0	0	0	0
6117	0	0	0	0	0	0	0	0	0
6120	0	0	0	0	0	0	0	0	0
2856	0	0	0	0	0	0	0	0	0
2857	0	0	0	0	0	0	0	0	0
6121	0	0	0	0	0	0	0	0	0
6122	0	0	0	0	0	0	0	0	0
6123	0	0	0	0	0	0	0	0	0
6124	0	0	0	0	0	0	0	0	0
2860	0	0	0	0	0	0	0	0	0
2861	0	0	0	0	0	0	0	0	0
2862	0	0	0	0	0	0	0	0	0
2863	0	0	0	0	0	0	0	0	0
2864	0	0	0	0	0	0	0	0	0
8314	0	0	0	0	0	0	0	0	0
6125	0	0	0	0	0	0	0	0	0
6126	0	0	0	0	0	0	0	0	0
6127	0	0	0	0	0	0	0	0	0
6128	0	0	0	0	0	0	0	0	0
6129	0	0	0	0	0	0	0	0	0
6130	0	0	0	0	0	0	0	0	0
6131	0	0	0	0	0	0	0	0	0
6132	0	0	0	0	0	0	0	0	0
6163	0	0	0	0	0	0	0	0	0
6164	0	0	0	0	0	0	0	0	0
2867	0	0	0	0	0	0	0	0	0
2868	0	0	0	0	0	0	0	0	0
2869	0	0	0	0	0	0	0	0	0
2870	0	0	0	0	0	0	0	0	0
2871	0	0	0	0	0	0	0	0	0
2872	0	0	0	0	0	0	0	0	0
2873	0	0	0	0	0	0	0	0	0
2874	0	0	0	0	0	0	0	0	0
2875	0	0	0	0	0	0	0	0	0
2876	0	0	0	0	0	0	0	0	0
2877	0	0	0	0	0	0	0	0	0
2878	0	0	0	0	0	0	0	0	0
2879	0	0	0	0	0	0	0	0	0
6135	0	0	0	0	0	0	0	0	0
2880	0	0	0	0	0	0	0	0	0
2881	0	0	0	0	0	0	0	0	0
2882	0	0	0	0	0	0	0	0	0
2883	0	0	0	0	0	0	0	0	0
2884	0	0	0	0	0	0	0	0	0
2885	0	0	0	0	0	0	0	0	0
2886	0	0	0	0	0	0	0	0	0
2887	0	0	0	0	0	0	0	0	0
2888	0	0	0	0	0	0	0	0	0
2889	0	0	0	0	0	0	0	0	0
2890	0	0	0	0	0	0	0	0	0
2891	0	0	0	0	0	0	0	0	0
6136	0	0	0	0	0	0	0	0	0
6137	0	0	0	0	0	0	0	0	0
6138	0	0	0	0	0	0	0	0	0
2893	0	0	0	0	0	0	0	0	0
2894	0	0	0	0	0	0	0	0	0
8325	0	0	0	0	0	0	0	0	0
8327	0	0	0	0	0	0	0	0	0
2897	0	0	0	0	0	0	0	0	0
2898	0	0	0	0	0	0	0	0	0
2899	0	0	0	0	0	0	0	0	0
6139	0	0	0	0	0	0	0	0	0
954	0	0	0	0	0	0	0	0	0
1546	0	0	0	0	0	0	0	0	0
955	0	0	0	0	0	0	0	0	0
956	0	0	0	0	0	0	0	0	0
957	0	0	0	0	0	0	0	0	0
958	0	0	0	0	0	0	0	0	0
959	0	0	0	0	0	0	0	0	0
960	0	0	0	0	0	0	0	0	0
961	0	0	0	0	0	0	0	0	0
962	0	0	0	0	0	0	0	0	0
8328	0	0	0	0	0	0	0	0	0
8329	0	0	0	0	0	0	0	0	0
8330	0	0	0	0	0	0	0	0	0
8331	0	0	0	0	0	0	0	0	0
8332	0	0	0	0	0	0	0	0	0
8333	0	0	0	0	0	0	0	0	0
8334	0	0	0	0	0	0	0	0	0
8335	0	0	0	0	0	0	0	0	0
8336	0	0	0	0	0	0	0	0	0
2900	0	0	0	0	0	0	0	0	0
2901	0	0	0	0	0	0	0	0	0
2902	0	0	0	0	0	0	0	0	0
2903	0	0	0	0	0	0	0	0	0
2904	0	0	0	0	0	0	0	0	0
2905	0	0	0	0	0	0	0	0	0
2906	0	0	0	0	0	0	0	0	0
2907	0	0	0	0	0	0	0	0	0
2908	0	0	0	0	0	0	0	0	0
2909	0	0	0	0	0	0	0	0	0
2910	0	0	0	0	0	0	0	0	0
2911	0	0	0	0	0	0	0	0	0
2912	0	0	0	0	0	0	0	0	0
2913	0	0	0	0	0	0	0	0	0
2914	0	0	0	0	0	0	0	0	0
2915	0	0	0	0	0	0	0	0	0
2916	0	0	0	0	0	0	0	0	0
6140	0	0	0	0	0	0	0	0	0
6141	0	0	0	0	0	0	0	0	0
6142	0	0	0	0	0	0	0	0	0
6143	0	0	0	0	0	0	0	0	0
6144	0	0	0	0	0	0	0	0	0
6145	0	0	0	0	0	0	0	0	0
6146	0	0	0	0	0	0	0	0	0
6147	0	0	0	0	0	0	0	0	0
6148	0	0	0	0	0	0	0	0	0
6149	0	0	0	0	0	0	0	0	0
6150	0	0	0	0	0	0	0	0	0
6151	0	0	0	0	0	0	0	0	0
6152	0	0	0	0	0	0	0	0	0
6153	0	0	0	0	0	0	0	0	0
6154	0	0	0	0	0	0	0	0	0
6155	0	0	0	0	0	0	0	0	0
6166	0	0	0	0	0	0	0	0	0
6167	0	0	0	0	0	0	0	0	0
6168	0	0	0	0	0	0	0	0	0
6169	0	0	0	0	0	0	0	0	0
6170	0	0	0	0	0	0	0	0	0
6171	0	0	0	0	0	0	0	0	0
6172	0	0	0	0	0	0	0	0	0
6173	0	0	0	0	0	0	0	0	0
6174	0	0	0	0	0	0	0	0	0
6175	0	0	0	0	0	0	0	0	0
6176	0	0	0	0	0	0	0	0	0
6177	0	0	0	0	0	0	0	0	0
6178	0	0	0	0	0	0	0	0	0
6179	0	0	0	0	0	0	0	0	0
6180	0	0	0	0	0	0	0	0	0
6181	0	0	0	0	0	0	0	0	0
6182	0	0	0	0	0	0	0	0	0
6183	0	0	0	0	0	0	0	0	0
6184	0	0	0	0	0	0	0	0	0
6185	0	0	0	0	0	0	0	0	0
6186	0	0	0	0	0	0	0	0	0
6187	0	0	0	0	0	0	0	0	0
6188	0	0	0	0	0	0	0	0	0
6189	0	0	0	0	0	0	0	0	0
6190	0	0	0	0	0	0	0	0	0
6191	0	0	0	0	0	0	0	0	0
6192	0	0	0	0	0	0	0	0	0
6193	0	0	0	0	0	0	0	0	0
6194	0	0	0	0	0	0	0	0	0
6195	0	0	0	0	0	0	0	0	0
6196	0	0	0	0	0	0	0	0	0
6197	0	0	0	0	0	0	0	0	0
6198	0	0	0	0	0	0	0	0	0
6199	0	0	0	0	0	0	0	0	0
6200	0	0	0	0	0	0	0	0	0
6201	0	0	0	0	0	0	0	0	0
6202	0	0	0	0	0	0	0	0	0
6203	0	0	0	0	0	0	0	0	0
6204	0	0	0	0	0	0	0	0	0
6205	0	0	0	0	0	0	0	0	0
6206	0	0	0	0	0	0	0	0	0
6207	0	0	0	0	0	0	0	0	0
6208	0	0	0	0	0	0	0	0	0
6234	0	0	0	0	0	0	0	0	0
6235	0	0	0	0	0	0	0	0	0
4585	0	0	0	0	0	0	0	0	0
4599	0	0	0	0	0	0	0	0	0
4608	0	0	0	0	0	0	0	0	0
4610	0	0	0	0	0	0	0	0	0
4612	0	0	0	0	0	0	0	0	0
4615	0	0	0	0	0	0	0	0	0
963	0	0	0	0	0	0	0	0	0
8357	0	0	0	0	0	0	0	0	0
965	0	0	0	0	0	0	0	0	0
966	0	0	0	0	0	0	0	0	0
6240	0	0	0	0	0	0	0	0	0
9010	0	0	0	0	0	0	0	0	0
6239	0	0	0	0	0	0	0	0	0
8358	0	0	0	0	0	0	0	0	0
2993	0	0	0	0	0	0	0	0	0
6250	0	0	0	0	0	0	0	0	0
6251	0	0	0	0	0	0	0	0	0
6252	0	0	0	0	0	0	0	0	0
9011	0	0	0	0	0	0	0	0	0
9021	0	0	0	0	0	0	0	0	0
9028	0	0	0	0	0	0	0	0	0
6253	0	0	0	0	0	0	0	0	0
6254	0	0	0	0	0	0	0	0	0
6255	0	0	0	0	0	0	0	0	0
6256	0	0	0	0	0	0	0	0	0
6257	0	0	0	0	0	0	0	0	0
6258	0	0	0	0	0	0	0	0	0
6259	0	0	0	0	0	0	0	0	0
6260	0	0	0	0	0	0	0	0	0
6261	0	0	0	0	0	0	0	0	0
9029	0	0	0	0	0	0	0	0	0
9030	0	0	0	0	0	0	0	0	0
9031	0	0	0	0	0	0	0	0	0
9032	0	0	0	0	0	0	0	0	0
9035	0	0	0	0	0	0	0	0	0
6241	0	0	0	0	0	0	0	0	0
6242	0	0	0	0	0	0	0	0	0
6243	0	0	0	0	0	0	0	0	0
6244	0	0	0	0	0	0	0	0	0
6245	0	0	0	0	0	0	0	0	0
6246	0	0	0	0	0	0	0	0	0
6247	0	0	0	0	0	0	0	0	0
6248	0	0	0	0	0	0	0	0	0
6249	0	0	0	0	0	0	0	0	0
9038	0	0	0	0	0	0	0	0	0
9039	0	0	0	0	0	0	0	0	0
6464	0	0	0	0	0	0	0	0	0
6465	0	0	0	0	0	0	0	0	0
6466	0	0	0	0	0	0	0	0	0
6467	0	0	0	0	0	0	0	0	0
6468	0	0	0	0	0	0	0	0	0
6469	0	0	0	0	0	0	0	0	0
6470	0	0	0	0	0	0	0	0	0
6471	0	0	0	0	0	0	0	0	0
6472	0	0	0	0	0	0	0	0	0
6473	0	0	0	0	0	0	0	0	0
6474	0	0	0	0	0	0	0	0	0
6475	0	0	0	0	0	0	0	0	0
6476	0	0	0	0	0	0	0	0	0
6477	0	0	0	0	0	0	0	0	0
6478	0	0	0	0	0	0	0	0	0
6479	0	0	0	0	0	0	0	0	0
6480	0	0	0	0	0	0	0	0	0
6481	0	0	0	0	0	0	0	0	0
6482	0	0	0	0	0	0	0	0	0
6483	0	0	0	0	0	0	0	0	0
6484	0	0	0	0	0	0	0	0	0
6485	0	0	0	0	0	0	0	0	0
6486	0	0	0	0	0	0	0	0	0
6487	0	0	0	0	0	0	0	0	0
6488	0	0	0	0	0	0	0	0	0
6489	0	0	0	0	0	0	0	0	0
6490	0	0	0	0	0	0	0	0	0
6491	0	0	0	0	0	0	0	0	0
8369	0	0	0	0	0	0	0	0	0
8370	0	0	0	0	0	0	0	0	0
9061	0	0	0	0	0	0	0	0	0
9062	0	0	0	0	0	0	0	0	0
9063	0	0	0	0	0	0	0	0	0
9064	0	0	0	0	0	0	0	0	0
9065	0	0	0	0	0	0	0	0	0
8371	0	0	0	0	0	0	0	0	0
9066	0	0	0	0	0	0	0	0	0
9067	0	0	0	0	0	0	0	0	0
9069	0	0	0	0	0	0	0	0	0
9068	0	0	0	0	0	0	0	0	0
8372	0	0	0	0	0	0	0	0	0
8373	0	0	0	0	0	0	0	0	0
8374	0	0	0	0	0	0	0	0	0
8375	0	0	0	0	0	0	0	0	0
8376	0	0	0	0	0	0	0	0	0
8377	0	0	0	0	0	0	0	0	0
9079	0	0	0	0	0	0	0	0	0
9080	0	0	0	0	0	0	0	0	0
9081	0	0	0	0	0	0	0	0	0
9082	0	0	0	0	0	0	0	0	0
9083	0	0	0	0	0	0	0	0	0
9084	0	0	0	0	0	0	0	0	0
6685	0	0	0	0	0	0	0	0	0
8464	0	0	0	0	0	0	0	0	0
9086	0	0	0	0	0	0	0	0	0
6262	0	0	0	0	0	0	0	0	0
6263	0	0	0	0	0	0	0	0	0
6264	0	0	0	0	0	0	0	0	0
6265	0	0	0	0	0	0	0	0	0
6463	0	0	0	0	0	0	0	0	0
9049	0	0	0	0	0	0	0	0	0
9050	0	0	0	0	0	0	0	0	0
9051	0	0	0	0	0	0	0	0	0
9052	0	0	0	0	0	0	0	0	0
9053	0	0	0	0	0	0	0	0	0
9054	0	0	0	0	0	0	0	0	0
6303	0	0	0	0	0	0	0	0	0
6304	0	0	0	0	0	0	0	0	0
6305	0	0	0	0	0	0	0	0	0
6306	0	0	0	0	0	0	0	0	0
6307	0	0	0	0	0	0	0	0	0
6308	0	0	0	0	0	0	0	0	0
6309	0	0	0	0	0	0	0	0	0
6310	0	0	0	0	0	0	0	0	0
6311	0	0	0	0	0	0	0	0	0
6312	0	0	0	0	0	0	0	0	0
6313	0	0	0	0	0	0	0	0	0
6314	0	0	0	0	0	0	0	0	0
6315	0	0	0	0	0	0	0	0	0
6316	0	0	0	0	0	0	0	0	0
6317	0	0	0	0	0	0	0	0	0
6318	0	0	0	0	0	0	0	0	0
6319	0	0	0	0	0	0	0	0	0
6320	0	0	0	0	0	0	0	0	0
6321	0	0	0	0	0	0	0	0	0
6322	0	0	0	0	0	0	0	0	0
6323	0	0	0	0	0	0	0	0	0
6324	0	0	0	0	0	0	0	0	0
6325	0	0	0	0	0	0	0	0	0
6326	0	0	0	0	0	0	0	0	0
6327	0	0	0	0	0	0	0	0	0
6328	0	0	0	0	0	0	0	0	0
6329	0	0	0	0	0	0	0	0	0
9059	0	0	0	0	0	0	0	0	0
6330	0	0	0	0	0	0	0	0	0
6337	0	0	0	0	0	0	0	0	0
6338	0	0	0	0	0	0	0	0	0
6339	0	0	0	0	0	0	0	0	0
6340	0	0	0	0	0	0	0	0	0
6343	0	0	0	0	0	0	0	0	0
6365	0	0	0	0	0	0	0	0	0
6366	0	0	0	0	0	0	0	0	0
6367	0	0	0	0	0	0	0	0	0
6368	0	0	0	0	0	0	0	0	0
6369	0	0	0	0	0	0	0	0	0
9060	0	0	0	0	0	0	0	0	0
6371	0	0	0	0	0	0	0	0	0
6372	0	0	0	0	0	0	0	0	0
6376	0	0	0	0	0	0	0	0	0
6377	0	0	0	0	0	0	0	0	0
6378	0	0	0	0	0	0	0	0	0
6379	0	0	0	0	0	0	0	0	0
6380	0	0	0	0	0	0	0	0	0
6381	0	0	0	0	0	0	0	0	0
6382	0	0	0	0	0	0	0	0	0
6383	0	0	0	0	0	0	0	0	0
6384	0	0	0	0	0	0	0	0	0
6385	0	0	0	0	0	0	0	0	0
6386	0	0	0	0	0	0	0	0	0
6387	0	0	0	0	0	0	0	0	0
6388	0	0	0	0	0	0	0	0	0
6389	0	0	0	0	0	0	0	0	0
6390	0	0	0	0	0	0	0	0	0
6391	0	0	0	0	0	0	0	0	0
6392	0	0	0	0	0	0	0	0	0
6393	0	0	0	0	0	0	0	0	0
6394	0	0	0	0	0	0	0	0	0
6395	0	0	0	0	0	0	0	0	0
6396	0	0	0	0	0	0	0	0	0
6397	0	0	0	0	0	0	0	0	0
6398	0	0	0	0	0	0	0	0	0
6399	0	0	0	0	0	0	0	0	0
6400	0	0	0	0	0	0	0	0	0
6401	0	0	0	0	0	0	0	0	0
6402	0	0	0	0	0	0	0	0	0
6403	0	0	0	0	0	0	0	0	0
6404	0	0	0	0	0	0	0	0	0
6405	0	0	0	0	0	0	0	0	0
6406	0	0	0	0	0	0	0	0	0
6407	0	0	0	0	0	0	0	0	0
6408	0	0	0	0	0	0	0	0	0
968	0	0	0	0	0	0	0	0	0
969	0	0	0	0	0	0	0	0	0
6409	0	0	0	0	0	0	0	0	0
6410	0	0	0	0	0	0	0	0	0
6411	0	0	0	0	0	0	0	0	0
6412	0	0	0	0	0	0	0	0	0
6413	0	0	0	0	0	0	0	0	0
6414	0	0	0	0	0	0	0	0	0
6415	0	0	0	0	0	0	0	0	0
6416	0	0	0	0	0	0	0	0	0
6417	0	0	0	0	0	0	0	0	0
6418	0	0	0	0	0	0	0	0	0
6419	0	0	0	0	0	0	0	0	0
6420	0	0	0	0	0	0	0	0	0
6421	0	0	0	0	0	0	0	0	0
6422	0	0	0	0	0	0	0	0	0
6423	0	0	0	0	0	0	0	0	0
6424	0	0	0	0	0	0	0	0	0
6425	0	0	0	0	0	0	0	0	0
6426	0	0	0	0	0	0	0	0	0
6427	0	0	0	0	0	0	0	0	0
6428	0	0	0	0	0	0	0	0	0
6429	0	0	0	0	0	0	0	0	0
6430	0	0	0	0	0	0	0	0	0
6435	0	0	0	0	0	0	0	0	0
6436	0	0	0	0	0	0	0	0	0
6622	0	0	0	0	0	0	0	0	0
6623	0	0	0	0	0	0	0	0	0
6624	0	0	0	0	0	0	0	0	0
9057	0	0	0	0	0	0	0	0	0
9058	0	0	0	0	0	0	0	0	0
6274	0	0	0	0	0	0	0	0	0
6275	0	0	0	0	0	0	0	0	0
6276	0	0	0	0	0	0	0	0	0
6277	0	0	0	0	0	0	0	0	0
6278	0	0	0	0	0	0	0	0	0
6279	0	0	0	0	0	0	0	0	0
6280	0	0	0	0	0	0	0	0	0
6282	0	0	0	0	0	0	0	0	0
6283	0	0	0	0	0	0	0	0	0
6284	0	0	0	0	0	0	0	0	0
6285	0	0	0	0	0	0	0	0	0
6286	0	0	0	0	0	0	0	0	0
6287	0	0	0	0	0	0	0	0	0
6288	0	0	0	0	0	0	0	0	0
6291	0	0	0	0	0	0	0	0	0
6292	0	0	0	0	0	0	0	0	0
6293	0	0	0	0	0	0	0	0	0
6296	0	0	0	0	0	0	0	0	0
6298	0	0	0	0	0	0	0	0	0
6299	0	0	0	0	0	0	0	0	0
6300	0	0	0	0	0	0	0	0	0
6301	0	0	0	0	0	0	0	0	0
6302	0	0	0	0	0	0	0	0	0
6431	0	0	0	0	0	0	0	0	0
6432	0	0	0	0	0	0	0	0	0
6433	0	0	0	0	0	0	0	0	0
6434	0	0	0	0	0	0	0	0	0
6625	0	0	0	0	0	0	0	0	0
6626	0	0	0	0	0	0	0	0	0
6627	0	0	0	0	0	0	0	0	0
6628	0	0	0	0	0	0	0	0	0
6629	0	0	0	0	0	0	0	0	0
6630	0	0	0	0	0	0	0	0	0
6631	0	0	0	0	0	0	0	0	0
6632	0	0	0	0	0	0	0	0	0
6633	0	0	0	0	0	0	0	0	0
6634	0	0	0	0	0	0	0	0	0
6635	0	0	0	0	0	0	0	0	0
6636	0	0	0	0	0	0	0	0	0
6637	0	0	0	0	0	0	0	0	0
6638	0	0	0	0	0	0	0	0	0
6639	0	0	0	0	0	0	0	0	0
6640	0	0	0	0	0	0	0	0	0
6645	0	0	0	0	0	0	0	0	0
6646	0	0	0	0	0	0	0	0	0
6656	0	0	0	0	0	0	0	0	0
6657	0	0	0	0	0	0	0	0	0
6647	0	0	0	0	0	0	0	0	0
6648	0	0	0	0	0	0	0	0	0
6649	0	0	0	0	0	0	0	0	0
6650	0	0	0	0	0	0	0	0	0
6651	0	0	0	0	0	0	0	0	0
6439	0	0	0	0	0	0	0	0	0
6440	0	0	0	0	0	0	0	0	0
6441	0	0	0	0	0	0	0	0	0
6442	0	0	0	0	0	0	0	0	0
6443	0	0	0	0	0	0	0	0	0
6444	0	0	0	0	0	0	0	0	0
9073	0	0	0	0	0	0	0	0	0
9074	0	0	0	0	0	0	0	0	0
9075	0	0	0	0	0	0	0	0	0
6618	0	0	0	0	0	0	0	0	0
6619	0	0	0	0	0	0	0	0	0
6620	0	0	0	0	0	0	0	0	0
6621	0	0	0	0	0	0	0	0	0
6556	0	0	0	0	0	0	0	0	0
6559	0	0	0	0	0	0	0	0	0
6566	0	0	0	0	0	0	0	0	0
6597	0	0	0	0	0	0	0	0	0
6598	0	0	0	0	0	0	0	0	0
6599	0	0	0	0	0	0	0	0	0
6602	0	0	0	0	0	0	0	0	0
6608	0	0	0	0	0	0	0	0	0
6610	0	0	0	0	0	0	0	0	0
6611	0	0	0	0	0	0	0	0	0
6662	0	0	0	0	0	0	0	0	0
6671	0	0	0	0	0	0	0	0	0
6666	0	0	0	0	0	0	0	0	0
6667	0	0	0	0	0	0	0	0	0
6668	0	0	0	0	0	0	0	0	0
6672	0	0	0	0	0	0	0	0	0
6669	0	0	0	0	0	0	0	0	0
6670	0	0	0	0	0	0	0	0	0
6674	0	0	0	0	0	0	0	0	0
6675	0	0	0	0	0	0	0	0	0
6673	0	0	0	0	0	0	0	0	0
6445	0	0	0	0	0	0	0	0	0
6446	0	0	0	0	0	0	0	0	0
6447	0	0	0	0	0	0	0	0	0
6448	0	0	0	0	0	0	0	0	0
6449	0	0	0	0	0	0	0	0	0
6450	0	0	0	0	0	0	0	0	0
6451	0	0	0	0	0	0	0	0	0
6452	0	0	0	0	0	0	0	0	0
6453	0	0	0	0	0	0	0	0	0
6454	0	0	0	0	0	0	0	0	0
6455	0	0	0	0	0	0	0	0	0
6456	0	0	0	0	0	0	0	0	0
6457	0	0	0	0	0	0	0	0	0
6458	0	0	0	0	0	0	0	0	0
6459	0	0	0	0	0	0	0	0	0
6460	0	0	0	0	0	0	0	0	0
6461	0	0	0	0	0	0	0	0	0
6462	0	0	0	0	0	0	0	0	0
970	0	0	0	0	0	0	0	0	0
971	0	0	0	0	0	0	0	0	0
972	0	0	0	0	0	0	0	0	0
973	0	0	0	0	0	0	0	0	0
974	0	0	0	0	0	0	0	0	0
975	0	0	0	0	0	0	0	0	0
976	0	0	0	0	0	0	0	0	0
977	0	0	0	0	0	0	0	0	0
978	0	0	0	0	0	0	0	0	0
979	0	0	0	0	0	0	0	0	0
980	0	0	0	0	0	0	0	0	0
981	0	0	0	0	0	0	0	0	0
6289	0	0	0	0	0	0	0	0	0
6294	0	0	0	0	0	0	0	0	0
6295	0	0	0	0	0	0	0	0	0
6297	0	0	0	0	0	0	0	0	0
6333	0	0	0	0	0	0	0	0	0
6334	0	0	0	0	0	0	0	0	0
6335	0	0	0	0	0	0	0	0	0
6336	0	0	0	0	0	0	0	0	0
6370	0	0	0	0	0	0	0	0	0
6373	0	0	0	0	0	0	0	0	0
6374	0	0	0	0	0	0	0	0	0
6375	0	0	0	0	0	0	0	0	0
6641	0	0	0	0	0	0	0	0	0
6642	0	0	0	0	0	0	0	0	0
6643	0	0	0	0	0	0	0	0	0
982	0	0	0	0	0	0	0	0	0
8362	0	0	0	0	0	0	0	0	0
8363	0	0	0	0	0	0	0	0	0
8364	0	0	0	0	0	0	0	0	0
8378	0	0	0	0	0	0	0	0	0
9041	0	0	0	0	0	0	0	0	0
9055	0	0	0	0	0	0	0	0	0
9056	0	0	0	0	0	0	0	0	0
9076	0	0	0	0	0	0	0	0	0
9077	0	0	0	0	0	0	0	0	0
9078	0	0	0	0	0	0	0	0	0
6266	0	0	0	0	0	0	0	0	0
6267	0	0	0	0	0	0	0	0	0
6268	0	0	0	0	0	0	0	0	0
6269	0	0	0	0	0	0	0	0	0
6271	0	0	0	0	0	0	0	0	0
6272	0	0	0	0	0	0	0	0	0
6273	0	0	0	0	0	0	0	0	0
6281	0	0	0	0	0	0	0	0	0
6290	0	0	0	0	0	0	0	0	0
6437	0	0	0	0	0	0	0	0	0
6438	0	0	0	0	0	0	0	0	0
6665	0	0	0	0	0	0	0	0	0
6676	0	0	0	0	0	0	0	0	0
6677	0	0	0	0	0	0	0	0	0
6678	0	0	0	0	0	0	0	0	0
6679	0	0	0	0	0	0	0	0	0
6680	0	0	0	0	0	0	0	0	0
6681	0	0	0	0	0	0	0	0	0
6682	0	0	0	0	0	0	0	0	0
6683	0	0	0	0	0	0	0	0	0
6684	0	0	0	0	0	0	0	0	0
6686	0	0	0	0	0	0	0	0	0
6687	0	0	0	0	0	0	0	0	0
6688	0	0	0	0	0	0	0	0	0
